 Sample   Time     Encoder 1 Pos   Encoder 2 Pos   Control Effort

[    0    0.000               0               0          0.5000;
     1    0.009               9               0          0.5000;
     2    0.018              37               2          0.5000;
     3    0.027              72              13          0.5000;
     4    0.035             109              41          0.5000;
     5    0.044             144              84          0.5000;
     6    0.053             179             135          0.5000;
     7    0.062             217             189          0.5000;
     8    0.071             263             239          0.5000;
     9    0.080             316             281          0.5000;
    10    0.089             371             320          0.5000;
    11    0.097             423             358          0.5000;
    12    0.106             466             398          0.5000;
    13    0.115             499             440          0.5000;
    14    0.124             524             483          0.5000;
    15    0.133             545             518          0.5000;
    16    0.142             567             544          0.5000;
    17    0.151             589             558          0.5000;
    18    0.159             609             563          0.5000;
    19    0.168             623             565          0.5000;
    20    0.177             627             565          0.5000;
    21    0.186             622             566          0.5000;
    22    0.195             609             566          0.5000;
    23    0.204             594             562          0.5000;
    24    0.213             582             550          0.5000;
    25    0.221             571             534          0.5000;
    26    0.230             561             515          0.5000;
    27    0.239             550             496          0.5000;
    28    0.248             534             479          0.5000;
    29    0.257             516             464          0.5000;
    30    0.266             497             452          0.5000;
    31    0.274             478             440          0.5000;
    32    0.283             462             425          0.5000;
    33    0.292             449             408          0.5000;
    34    0.301             441             390          0.5000;
    35    0.310             432             374          0.5000;
    36    0.319             423             363          0.5000;
    37    0.328             413             357          0.5000;
    38    0.336             403             355          0.5000;
    39    0.345             397             354          0.5000;
    40    0.354             395             353          0.5000;
    41    0.363             397             352          0.5000;
    42    0.372             403             352          0.5000;
    43    0.381             408             353          0.5000;
    44    0.390             412             357          0.5000;
    45    0.398             414             362          0.5000;
    46    0.407             415             367          0.5000;
    47    0.416             416             369          0.5000;
    48    0.425             416             370          0.5000;
    49    0.434             418             370          0.5000;
    50    0.443             418             368          0.5000;
    51    0.452             418             368          0.5000;
    52    0.460             418             368          0.5000;
    53    0.469             418             368          0.5000;
    54    0.478             418             368          0.5000;
    55    0.487             418             368          0.5000;
    56    0.496             418             368          0.5000;
    57    0.505             418             368          0.5000;
    58    0.514             418             368          0.5000;
    59    0.522             418             368          0.5000;
    60    0.531             418             368          0.5000;
    61    0.540             418             368          0.5000;
    62    0.549             418             368          0.5000;
    63    0.558             418             368          0.5000;
    64    0.567             418             368          0.5000;
    65    0.576             418             368          0.5000;
    66    0.584             418             368          0.5000;
    67    0.593             418             368          0.5000;
    68    0.602             418             368          0.5000;
    69    0.611             418             368          0.5000;
    70    0.620             418             368          0.5000;
    71    0.629             418             368          0.5000;
    72    0.638             418             368          0.5000;
    73    0.646             418             368          0.5000;
    74    0.655             418             368          0.5000;
    75    0.664             418             368          0.5000;
    76    0.673             418             368          0.5000;
    77    0.682             418             368          0.5000;
    78    0.691             418             368          0.5000;
    79    0.699             418             368          0.5000;
    80    0.708             418             368          0.5000;
    81    0.717             418             368          0.5000;
    82    0.726             418             368          0.5000;
    83    0.735             418             368          0.5000;
    84    0.744             418             368          0.5000;
    85    0.753             418             368          0.5000;
    86    0.761             418             368          0.5000;
    87    0.770             418             368          0.5000;
    88    0.779             418             368          0.5000;
    89    0.788             418             368          0.5000;
    90    0.797             418             368          0.5000;
    91    0.806             418             368          0.5000;
    92    0.815             418             368          0.5000;
    93    0.823             418             368          0.5000;
    94    0.832             418             368          0.5000;
    95    0.841             418             368          0.5000;
    96    0.850             418             368          0.5000;
    97    0.859             418             368          0.5000;
    98    0.868             418             368          0.5000;
    99    0.877             418             368          0.5000;
   100    0.885             418             368          0.5000;
   101    0.894             418             368          0.5000;
   102    0.903             418             368          0.5000;
   103    0.912             418             368          0.5000;
   104    0.921             418             368          0.5000;
   105    0.930             418             368          0.5000;
   106    0.939             418             368          0.5000;
   107    0.947             418             368          0.5000;
   108    0.956             418             368          0.5000;
   109    0.965             418             368          0.5000;
   110    0.974             418             368          0.5000;
   111    0.983             418             368          0.5000;
   112    0.992             418             368          0.5000;
   113    1.001             418             368          0.5000;
   114    1.009             418             368          0.5000;
   115    1.018             418             368          0.5000;
   116    1.027             418             368          0.5000;
   117    1.036             418             368          0.5000;
   118    1.045             418             368          0.5000;
   119    1.054             418             368          0.5000;
   120    1.063             418             368          0.5000;
   121    1.071             418             368          0.5000;
   122    1.080             418             368          0.5000;
   123    1.089             418             368          0.5000;
   124    1.098             418             368          0.5000;
   125    1.107             418             368          0.5000;
   126    1.116             418             368          0.5000;
   127    1.124             418             368          0.5000;
   128    1.133             418             368          0.5000;
   129    1.142             418             368          0.5000;
   130    1.151             418             368          0.5000;
   131    1.160             418             368          0.5000;
   132    1.169             418             368          0.5000;
   133    1.178             418             368          0.5000;
   134    1.186             418             368          0.5000;
   135    1.195             418             368          0.5000;
   136    1.204             418             368          0.5000;
   137    1.213             418             368          0.5000;
   138    1.222             418             368          0.5000;
   139    1.231             418             368          0.5000;
   140    1.240             418             368          0.5000;
   141    1.248             418             368          0.5000;
   142    1.257             418             368          0.5000;
   143    1.266             418             368          0.5000;
   144    1.275             418             368          0.5000;
   145    1.284             418             368          0.5000;
   146    1.293             418             368          0.5000;
   147    1.302             418             368          0.5000;
   148    1.310             418             368          0.5000;
   149    1.319             418             368          0.5000;
   150    1.328             418             368          0.5000;
   151    1.337             418             368          0.5000;
   152    1.346             418             368          0.5000;
   153    1.355             418             368          0.5000;
   154    1.364             418             368          0.5000;
   155    1.372             418             368          0.5000;
   156    1.381             418             368          0.5000;
   157    1.390             418             368          0.5000;
   158    1.399             418             368          0.5000;
   159    1.408             418             368          0.5000;
   160    1.417             418             368          0.5000;
   161    1.426             418             368          0.5000;
   162    1.434             418             368          0.5000;
   163    1.443             418             368          0.5000;
   164    1.452             418             368          0.5000;
   165    1.461             418             368          0.5000;
   166    1.470             418             368          0.5000;
   167    1.479             418             368          0.5000;
   168    1.488             418             368          0.5000;
   169    1.496             418             368          0.5000;
   170    1.505             418             368          0.5000;
   171    1.514             418             368          0.5000;
   172    1.523             418             368          0.5000;
   173    1.532             418             368          0.5000;
   174    1.541             418             368          0.5000;
   175    1.549             418             368          0.5000;
   176    1.558             418             368          0.5000;
   177    1.567             418             368          0.5000;
   178    1.576             418             368          0.5000;
   179    1.585             418             368          0.5000;
   180    1.594             418             368          0.5000;
   181    1.603             418             368          0.5000;
   182    1.611             418             368          0.5000;
   183    1.620             418             368          0.5000;
   184    1.629             418             368          0.5000;
   185    1.638             418             368          0.5000;
   186    1.647             418             368          0.5000;
   187    1.656             418             368          0.5000;
   188    1.665             418             368          0.5000;
   189    1.673             418             368          0.5000;
   190    1.682             418             368          0.5000;
   191    1.691             418             368          0.5000;
   192    1.700             418             368          0.5000;
   193    1.709             418             368          0.5000;
   194    1.718             418             368          0.5000;
   195    1.727             418             368          0.5000;
   196    1.735             418             368          0.5000;
   197    1.744             418             368          0.5000;
   198    1.753             418             368          0.5000;
   199    1.762             418             368          0.5000;
   200    1.771             418             368          0.5000;
   201    1.780             418             368          0.5000;
   202    1.789             418             368          0.5000;
   203    1.797             418             368          0.5000;
   204    1.806             418             368          0.5000;
   205    1.815             418             368          0.5000;
   206    1.824             418             368          0.5000;
   207    1.833             418             368          0.5000;
   208    1.842             418             368          0.5000;
   209    1.851             418             368          0.5000;
   210    1.859             418             368          0.5000;
   211    1.868             418             368          0.5000;
   212    1.877             418             368          0.5000;
   213    1.886             418             368          0.5000;
   214    1.895             418             368          0.5000;
   215    1.904             418             368          0.5000;
   216    1.913             418             368          0.5000;
   217    1.921             418             368          0.5000;
   218    1.930             418             368          0.5000;
   219    1.939             418             368          0.5000;
   220    1.948             418             368          0.5000;
   221    1.957             418             368          0.5000;
   222    1.966             418             368          0.5000;
   223    1.974             418             368          0.5000;
   224    1.983             418             368          0.5000;
   225    1.992             418             368          0.5000;
   226    2.001             418             368          0.5000;
   227    2.010             418             368          0.5000;
   228    2.019             418             368          0.5000;
   229    2.028             418             368          0.5000;
   230    2.036             418             368          0.5000;
   231    2.045             418             368          0.5000;
   232    2.054             418             368          0.5000;
   233    2.063             418             368          0.5000;
   234    2.072             418             368          0.5000;
   235    2.081             418             368          0.5000;
   236    2.090             418             368          0.5000;
   237    2.098             418             368          0.5000;
   238    2.107             418             368          0.5000;
   239    2.116             418             368          0.5000;
   240    2.125             418             368          0.5000;
   241    2.134             418             368          0.5000;
   242    2.143             418             368          0.5000;
   243    2.152             418             368          0.5000;
   244    2.160             418             368          0.5000;
   245    2.169             418             368          0.5000;
   246    2.178             418             368          0.5000;
   247    2.187             418             368          0.5000;
   248    2.196             418             368          0.5000;
   249    2.205             418             368          0.5000;
   250    2.214             418             368          0.5000;
   251    2.222             418             368          0.5000;
   252    2.231             418             368          0.5000;
   253    2.240             418             368          0.5000;
   254    2.249             418             368          0.5000;
   255    2.258             418             368          0.5000;
   256    2.267             418             368          0.5000;
   257    2.276             418             368          0.5000;
   258    2.284             418             368          0.5000;
   259    2.293             418             368          0.5000;
   260    2.302             418             368          0.5000;
   261    2.311             418             368          0.5000;
   262    2.320             418             368          0.5000;
   263    2.329             418             368          0.5000;
   264    2.338             418             368          0.5000;
   265    2.346             418             368          0.5000;
   266    2.355             418             368          0.5000;
   267    2.364             418             368          0.5000;
   268    2.373             418             368          0.5000;
   269    2.382             418             368          0.5000;
   270    2.391             418             368          0.5000;
   271    2.399             418             368          0.5000;
   272    2.408             418             368          0.5000;
   273    2.417             418             368          0.5000;
   274    2.426             418             368          0.5000;
   275    2.435             418             368          0.5000;
   276    2.444             418             368          0.5000;
   277    2.453             418             368          0.5000;
   278    2.461             418             368          0.5000;
   279    2.470             418             368          0.5000;
   280    2.479             418             368          0.5000;
   281    2.488             418             368          0.5000;
   282    2.497             418             368          0.5000;
   283    2.506             418             368          0.5000;
   284    2.515             418             368          0.5000;
   285    2.523             418             368          0.5000;
   286    2.532             418             368          0.5000;
   287    2.541             418             368          0.5000;
   288    2.550             418             368          0.5000;
   289    2.559             418             368          0.5000;
   290    2.568             418             368          0.5000;
   291    2.577             418             368          0.5000;
   292    2.585             418             368          0.5000;
   293    2.594             418             368          0.5000;
   294    2.603             418             368          0.5000;
   295    2.612             418             368          0.5000;
   296    2.621             418             368          0.5000;
   297    2.630             418             368          0.5000;
   298    2.639             418             368          0.5000;
   299    2.647             418             368          0.5000;
   300    2.656             418             368          0.5000;
   301    2.665             418             368          0.5000;
   302    2.674             418             368          0.5000;
   303    2.683             418             368          0.5000;
   304    2.692             418             368          0.5000;
   305    2.701             418             368          0.5000;
   306    2.709             418             368          0.5000;
   307    2.718             418             368          0.5000;
   308    2.727             418             368          0.5000;
   309    2.736             418             368          0.5000;
   310    2.745             418             368          0.5000;
   311    2.754             418             368          0.5000;
   312    2.763             418             368          0.5000;
   313    2.771             418             368          0.5000;
   314    2.780             418             368          0.5000;
   315    2.789             418             368          0.5000;
   316    2.798             418             368          0.5000;
   317    2.807             418             368          0.5000;
   318    2.816             418             368          0.5000;
   319    2.824             418             368          0.5000;
   320    2.833             418             368          0.5000;
   321    2.842             418             368          0.5000;
   322    2.851             418             368          0.5000;
   323    2.860             418             368          0.5000;
   324    2.869             418             368          0.5000;
   325    2.878             418             368          0.5000;
   326    2.886             418             368          0.5000;
   327    2.895             418             368          0.5000;
   328    2.904             418             368          0.5000;
   329    2.913             418             368          0.5000;
   330    2.922             418             368          0.5000;
   331    2.931             418             368          0.5000;
   332    2.940             418             368          0.5000;
   333    2.948             418             368          0.5000;
   334    2.957             418             368          0.5000;
   335    2.966             418             368          0.5000;
   336    2.975             418             368          0.5000;
   337    2.984             418             368          0.5000;
   338    2.993             418             368          0.5000;
   339    3.002             418             368          0.0000;
   340    3.010             409             367          0.0000;
   341    3.019             382             364          0.0000;
   342    3.028             346             350          0.0000;
   343    3.037             309             319          0.0000;
   344    3.046             272             272          0.0000;
   345    3.055             234             216          0.0000;
   346    3.064             189             157          0.0000;
   347    3.072             135             103          0.0000;
   348    3.081              74              55          0.0000;
   349    3.090               9              10          0.0000;
   350    3.099             -50             -26          0.0000;
   351    3.108             -95             -39          0.0000;
   352    3.117            -116             -40          0.0000;
   353    3.126            -108             -40          0.0000;
   354    3.134             -72             -37          0.0000;
   355    3.143             -27             -29          0.0000;
   356    3.152              15             -12          0.0000;
   357    3.161              47              14          0.0000;
   358    3.170              66              47          0.0000;
   359    3.179              75              78          0.0000;
   360    3.188              82              97          0.0000;
   361    3.196              90             101          0.0000;
   362    3.205              97              91          0.0000;
   363    3.214              99              76          0.0000;
   364    3.223              90              64          0.0000;
   365    3.232              71              58          0.0000;
   366    3.241              47              52          0.0000;
   367    3.249              26              43          0.0000;
   368    3.258              12              26          0.0000;
   369    3.267               4               5          0.0000;
   370    3.276              -2             -12          0.0000;
   371    3.285              -8             -16          0.0000;
   372    3.294             -15             -10          0.0000;
   373    3.303             -17              -6          0.0000;
   374    3.311             -13              -6          0.0000;
   375    3.320              -6              -7          0.0000;
   376    3.329              -0              -7          0.0000;
   377    3.338               3              -4          0.0000;
   378    3.347               4               1          0.0000;
   379    3.356               4               3          0.0000;
   380    3.365               4               3          0.0000;
   381    3.373               4               3          0.0000;
   382    3.382               4               2          0.0000;
   383    3.391               4               2          0.0000;
   384    3.400               3               2          0.0000;
   385    3.409               3               2          0.0000;
   386    3.418               3               2          0.0000;
   387    3.427               3               2          0.0000;
   388    3.435               3               2          0.0000;
   389    3.444               3               2          0.0000;
   390    3.453               3               2          0.0000;
   391    3.462               3               2          0.0000;
   392    3.471               3               2          0.0000;
   393    3.480               3               2          0.0000;
   394    3.489               3               2          0.0000;
   395    3.497               3               2          0.0000;
   396    3.506               3               2          0.0000;
   397    3.515               3               2          0.0000;
   398    3.524               3               2          0.0000;
   399    3.533               3               2          0.0000;
   400    3.542               3               2          0.0000;
   401    3.551               3               2          0.0000;
   402    3.559               3               2          0.0000;
   403    3.568               3               2          0.0000;
   404    3.577               3               2          0.0000;
   405    3.586               3               2          0.0000;
   406    3.595               3               2          0.0000;
   407    3.604               3               2          0.0000;
   408    3.613               3               2          0.0000;
   409    3.621               3               2          0.0000;
   410    3.630               3               2          0.0000;
   411    3.639               3               2          0.0000;
   412    3.648               3               2          0.0000;
   413    3.657               3               2          0.0000;
   414    3.666               3               2          0.0000;
   415    3.674               3               2          0.0000;
   416    3.683               3               2          0.0000;
   417    3.692               3               2          0.0000;
   418    3.701               3               2          0.0000;
   419    3.710               3               2          0.0000;
   420    3.719               3               2          0.0000;
   421    3.728               3               2          0.0000;
   422    3.736               3               2          0.0000;
   423    3.745               3               2          0.0000;
   424    3.754               3               2          0.0000;
   425    3.763               3               2          0.0000;
   426    3.772               3               2          0.0000;
   427    3.781               3               2          0.0000;
   428    3.790               3               2          0.0000;
   429    3.798               3               2          0.0000;
   430    3.807               3               2          0.0000;
   431    3.816               3               2          0.0000;
   432    3.825               3               2          0.0000;
   433    3.834               3               2          0.0000;
   434    3.843               3               2          0.0000;
   435    3.852               3               2          0.0000;
   436    3.860               3               2          0.0000;
   437    3.869               3               2          0.0000;
   438    3.878               3               2          0.0000;
   439    3.887               3               2          0.0000;
   440    3.896               3               2          0.0000;
   441    3.905               3               2          0.0000;
   442    3.914               3               2          0.0000;
   443    3.922               3               2          0.0000;
   444    3.931               3               2          0.0000;
   445    3.940               3               2          0.0000;
   446    3.949               3               2          0.0000;
   447    3.958               3               2          0.0000;
   448    3.967               3               2          0.0000;
   449    3.976               3               2          0.0000;
   450    3.984               3               2          0.0000;
   451    3.993               3               2          0.0000;
   452    4.002               3               2          0.0000;
   453    4.011               3               2          0.0000;
   454    4.020               3               2          0.0000;
   455    4.029               3               2          0.0000;
   456    4.038               3               2          0.0000;
   457    4.046               3               2          0.0000;
   458    4.055               3               2          0.0000;
   459    4.064               3               2          0.0000;
   460    4.073               3               2          0.0000;
   461    4.082               3               2          0.0000;
   462    4.091               3               2          0.0000;
   463    4.099               3               2          0.0000;
   464    4.108               3               2          0.0000;
   465    4.117               3               2          0.0000;
   466    4.126               3               2          0.0000;
   467    4.135               3               2          0.0000;
   468    4.144               3               2          0.0000;
   469    4.153               3               2          0.0000;
   470    4.161               3               2          0.0000;
   471    4.170               3               2          0.0000;
   472    4.179               3               2          0.0000;
   473    4.188               3               2          0.0000;
   474    4.197               3               2          0.0000;
   475    4.206               3               2          0.0000;
   476    4.215               3               2          0.0000;
   477    4.223               3               2          0.0000;
   478    4.232               3               2          0.0000;
   479    4.241               3               2          0.0000;
   480    4.250               3               2          0.0000;
   481    4.259               3               2          0.0000;
   482    4.268               3               2          0.0000;
   483    4.277               3               2          0.0000;
   484    4.285               3               2          0.0000;
   485    4.294               3               2          0.0000;
   486    4.303               3               2          0.0000;
   487    4.312               3               2          0.0000;
   488    4.321               3               2          0.0000;
   489    4.330               3               2          0.0000;
   490    4.339               3               2          0.0000;
   491    4.347               3               2          0.0000;
   492    4.356               3               2          0.0000;
   493    4.365               3               2          0.0000;
   494    4.374               3               2          0.0000;
   495    4.383               3               2          0.0000;
   496    4.392               3               2          0.0000;
   497    4.401               3               2          0.0000;
   498    4.409               3               2          0.0000;
   499    4.418               3               2          0.0000;
   500    4.427               3               2          0.0000;
   501    4.436               3               2          0.0000;
   502    4.445               3               2          0.0000;
   503    4.454               3               2          0.0000;
   504    4.463               3               2          0.0000;
   505    4.471               3               2          0.0000;
   506    4.480               3               2          0.0000;
   507    4.489               3               2          0.0000;
   508    4.498               3               2          0.0000;
   509    4.507               3               2          0.0000;
   510    4.516               3               2          0.0000;
   511    4.524               3               2          0.0000;
   512    4.533               3               2          0.0000;
   513    4.542               3               2          0.0000;
   514    4.551               3               2          0.0000;
   515    4.560               3               2          0.0000;
   516    4.569               3               2          0.0000;
   517    4.578               3               2          0.0000;
   518    4.586               3               2          0.0000;
   519    4.595               3               2          0.0000;
   520    4.604               3               2          0.0000;
   521    4.613               3               2          0.0000;
   522    4.622               3               2          0.0000;
   523    4.631               3               2          0.0000;
   524    4.640               3               2          0.0000;
   525    4.648               3               2          0.0000;
   526    4.657               3               2          0.0000;
   527    4.666               3               2          0.0000;
   528    4.675               3               2          0.0000;
   529    4.684               3               2          0.0000;
   530    4.693               3               2          0.0000;
   531    4.702               3               2          0.0000;
   532    4.710               3               2          0.0000;
   533    4.719               3               2          0.0000;
   534    4.728               3               2          0.0000;
   535    4.737               3               2          0.0000;
   536    4.746               3               2          0.0000;
   537    4.755               3               2          0.0000;
   538    4.764               3               2          0.0000;
   539    4.772               3               2          0.0000;
   540    4.781               3               2          0.0000;
   541    4.790               3               2          0.0000;
   542    4.799               3               2          0.0000;
   543    4.808               3               2          0.0000;
   544    4.817               3               2          0.0000;
   545    4.826               3               2          0.0000;
   546    4.834               3               2          0.0000;
   547    4.843               3               2          0.0000;
   548    4.852               3               2          0.0000;
   549    4.861               3               2          0.0000;
   550    4.870               3               2          0.0000;
   551    4.879               3               2          0.0000;
   552    4.888               3               2          0.0000;
   553    4.896               3               2          0.0000;
   554    4.905               3               2          0.0000;
   555    4.914               3               2          0.0000;
   556    4.923               3               2          0.0000;
   557    4.932               3               2          0.0000;
   558    4.941               3               2          0.0000;
   559    4.949               3               2          0.0000;
   560    4.958               3               2          0.0000;
   561    4.967               3               2          0.0000;
   562    4.976               3               2          0.0000;
   563    4.985               3               2          0.0000;
   564    4.994               3               2          0.0000;
   565    5.003               3               2          0.0000;
   566    5.011               3               2          0.0000;
   567    5.020               3               2          0.0000;
   568    5.029               3               2          0.0000;
   569    5.038               3               2          0.0000;
   570    5.047               3               2          0.0000;
   571    5.056               3               2          0.0000;
   572    5.065               3               2          0.0000;
   573    5.073               3               2          0.0000;
   574    5.082               3               2          0.0000;
   575    5.091               3               2          0.0000;
   576    5.100               3               2          0.0000;
   577    5.109               3               2          0.0000;
   578    5.118               3               2          0.0000;
   579    5.127               3               2          0.0000;
   580    5.135               3               2          0.0000;
   581    5.144               3               2          0.0000;
   582    5.153               3               2          0.0000;
   583    5.162               3               2          0.0000;
   584    5.171               3               2          0.0000;
   585    5.180               3               2          0.0000;
   586    5.189               3               2          0.0000;
   587    5.197               3               2          0.0000;
   588    5.206               3               2          0.0000;
   589    5.215               3               2          0.0000;
   590    5.224               3               2          0.0000;
   591    5.233               3               2          0.0000;
   592    5.242               3               2          0.0000;
   593    5.251               3               2          0.0000;
   594    5.259               3               2          0.0000;
   595    5.268               3               2          0.0000;
   596    5.277               3               2          0.0000;
   597    5.286               3               2          0.0000;
   598    5.295               3               2          0.0000;
   599    5.304               3               2          0.0000;
   600    5.313               3               2          0.0000;
   601    5.321               3               2          0.0000;
   602    5.330               3               2          0.0000;
   603    5.339               3               2          0.0000;
   604    5.348               3               2          0.0000;
   605    5.357               3               2          0.0000;
   606    5.366               3               2          0.0000;
   607    5.374               3               2          0.0000;
   608    5.383               3               2          0.0000;
   609    5.392               3               2          0.0000;
   610    5.401               3               2          0.0000;
   611    5.410               3               2          0.0000;
   612    5.419               3               2          0.0000;
   613    5.428               3               2          0.0000;
   614    5.436               3               2          0.0000;
   615    5.445               3               2          0.0000;
   616    5.454               3               2          0.0000;
   617    5.463               3               2          0.0000;
   618    5.472               3               2          0.0000;
   619    5.481               3               2          0.0000;
   620    5.490               3               2          0.0000;
   621    5.498               3               2          0.0000;
   622    5.507               3               2          0.0000;
   623    5.516               3               2          0.0000;
   624    5.525               3               2          0.0000;
   625    5.534               3               2          0.0000;
   626    5.543               3               2          0.0000;
   627    5.552               3               2          0.0000;
   628    5.560               3               2          0.0000;
   629    5.569               3               2          0.0000;
   630    5.578               3               2          0.0000;
   631    5.587               3               2          0.0000;
   632    5.596               3               2          0.0000;
   633    5.605               3               2          0.0000;
   634    5.614               3               2          0.0000;
   635    5.622               3               2          0.0000;
   636    5.631               3               2          0.0000;
   637    5.640               3               2          0.0000;
   638    5.649               3               2          0.0000;
   639    5.658               3               2          0.0000;
   640    5.667               3               2          0.0000;
   641    5.676               3               2          0.0000;
   642    5.684               3               2          0.0000;
   643    5.693               3               2          0.0000;
   644    5.702               3               2          0.0000;
   645    5.711               3               2          0.0000;
   646    5.720               3               2          0.0000;
   647    5.729               3               2          0.0000;
   648    5.738               3               2          0.0000;
   649    5.746               3               2          0.0000;
   650    5.755               3               2          0.0000;
   651    5.764               3               2          0.0000;
   652    5.773               3               2          0.0000;
   653    5.782               3               2          0.0000;
   654    5.791               3               2          0.0000;
   655    5.799               3               2          0.0000;
   656    5.808               3               2          0.0000;
   657    5.817               3               2          0.0000;
   658    5.826               3               2          0.0000;
   659    5.835               3               2          0.0000;
   660    5.844               3               2          0.0000;
   661    5.853               3               2          0.0000;
   662    5.861               3               2          0.0000;
   663    5.870               3               2          0.0000;
   664    5.879               3               2          0.0000;
   665    5.888               3               2          0.0000;
   666    5.897               3               2          0.0000;
   667    5.906               3               2          0.0000;
   668    5.915               3               2          0.0000;
   669    5.923               3               2          0.0000;
   670    5.932               3               2          0.0000;
   671    5.941               3               2          0.0000;
   672    5.950               3               2          0.0000;
   673    5.959               3               2          0.0000;
   674    5.968               3               2          0.0000;
   675    5.977               3               2          0.0000;
   676    5.985               3               2          0.0000]
