 Sample   Time     Encoder 1 Pos   Encoder 2 Pos   Control Effort

[    0    0.000              15              26          0.0000;
     1    0.009              15              26          0.0000;
     2    0.018              15              26          0.0000;
     3    0.027              15              27          0.0000;
     4    0.035              15              27          0.0000;
     5    0.044              15              28          0.0000;
     6    0.053              15              29          0.0000;
     7    0.062              15              30          0.0000;
     8    0.071              15              31          0.0000;
     9    0.080              15              31          0.0000;
    10    0.089              15              32          0.0000;
    11    0.097              15              32          0.0000;
    12    0.106              15              32          0.0000;
    13    0.115              15              32          0.0000;
    14    0.124              15              32          0.0000;
    15    0.133              15              32          0.0000;
    16    0.142              15              32          0.0000;
    17    0.151              15              33          0.0000;
    18    0.159              15              33          0.0000;
    19    0.168              15              33          0.0000;
    20    0.177              15              33          0.0000;
    21    0.186              15              33          0.0000;
    22    0.195              15              33          0.0000;
    23    0.204              15              33          0.0000;
    24    0.213              15              33          0.0000;
    25    0.221              15              33          0.0000;
    26    0.230              15              33          0.0000;
    27    0.239              15              33          0.0000;
    28    0.248              15              33          0.0000;
    29    0.257              15              34          0.0000;
    30    0.266              15              34          0.0000;
    31    0.274              15              34          0.0000;
    32    0.283              15              35          0.0000;
    33    0.292              15              36          0.0000;
    34    0.301              15              37          0.0000;
    35    0.310              15              37          0.0000;
    36    0.319              15              37          0.0000;
    37    0.328              15              38          0.0000;
    38    0.336              15              38          0.0000;
    39    0.345              15              38          0.0000;
    40    0.354              15              38          0.0000;
    41    0.363              16              38          0.0000;
    42    0.372              16              38          0.0000;
    43    0.381              16              38          0.0000;
    44    0.390              16              38          0.0000;
    45    0.398              16              38          0.0000;
    46    0.407              16              38          0.0000;
    47    0.416              16              38          0.0000;
    48    0.425              16              38          0.0000;
    49    0.434              16              38          0.0000;
    50    0.443              16              38          0.0000;
    51    0.452              16              38          0.0000;
    52    0.460              16              38          0.0000;
    53    0.469              16              38          0.0000;
    54    0.478              16              38          0.0000;
    55    0.487              16              38          0.0000;
    56    0.496              16              39          0.0000;
    57    0.505              16              39          0.0000;
    58    0.514              16              39          0.0000;
    59    0.522              16              40          0.0000;
    60    0.531              16              40          0.0000;
    61    0.540              16              42          0.0000;
    62    0.549              16              44          0.0000;
    63    0.558              16              48          0.0000;
    64    0.567              16              53          0.0000;
    65    0.576              16              58          0.0000;
    66    0.584              16              61          0.0000;
    67    0.593              16              60          0.0000;
    68    0.602              16              50          0.0000;
    69    0.611              16              30          0.0000;
    70    0.620              16              -6          0.0000;
    71    0.629              16             -58          0.0000;
    72    0.638              16            -124          0.0000;
    73    0.646              16            -203          0.0000;
    74    0.655              15            -291          0.0000;
    75    0.664              13            -388          0.0000;
    76    0.673              12            -490          0.0000;
    77    0.682              10            -596          0.0000;
    78    0.691               8            -703          0.0000;
    79    0.699               5            -809          0.0000;
    80    0.708               3            -912          0.0000;
    81    0.717               1           -1009          0.0000;
    82    0.726              -1           -1099          0.0000;
    83    0.735              -3           -1180          0.0000;
    84    0.744              -3           -1250          0.0000;
    85    0.753              -4           -1308          0.0000;
    86    0.761              -6           -1354          0.0000;
    87    0.770              -7           -1386          0.0000;
    88    0.779              -8           -1405          0.0000;
    89    0.788              -9           -1409          0.0000;
    90    0.797             -10           -1401          0.0000;
    91    0.806             -11           -1381          0.0000;
    92    0.815             -11           -1350          0.0000;
    93    0.823             -11           -1311          0.0000;
    94    0.832             -11           -1264          0.0000;
    95    0.841             -11           -1211          0.0000;
    96    0.850              -9           -1151          0.0000;
    97    0.859              -9           -1088          0.0000;
    98    0.868              -8           -1021          0.0000;
    99    0.877              -7            -952          0.0000;
   100    0.885              -5            -883          0.0000;
   101    0.894              -4            -814          0.0000;
   102    0.903              -3            -748          0.0000;
   103    0.912              -2            -685          0.0000;
   104    0.921              -1            -628          0.0000;
   105    0.930              -1            -577          0.0000;
   106    0.939              -0            -533          0.0000;
   107    0.947               0            -497          0.0000;
   108    0.956               2            -471          0.0000;
   109    0.965               3            -454          0.0000;
   110    0.974               3            -446          0.0000;
   111    0.983               4            -447          0.0000;
   112    0.992               5            -459          0.0000;
   113    1.001               5            -478          0.0000;
   114    1.009               5            -502          0.0000;
   115    1.018               5            -531          0.0000;
   116    1.027               5            -565          0.0000;
   117    1.036               5            -602          0.0000;
   118    1.045               5            -640          0.0000;
   119    1.054               5            -681          0.0000;
   120    1.063               5            -721          0.0000;
   121    1.071               5            -762          0.0000;
   122    1.080               4            -800          0.0000;
   123    1.089               3            -837          0.0000;
   124    1.098               2            -871          0.0000;
   125    1.107               1            -899          0.0000;
   126    1.116               1            -923          0.0000;
   127    1.124               1            -942          0.0000;
   128    1.133               1            -957          0.0000;
   129    1.142               1            -966          0.0000;
   130    1.151               1            -970          0.0000;
   131    1.160              -0            -971          0.0000;
   132    1.169              -1            -965          0.0000;
   133    1.178              -1            -956          0.0000;
   134    1.186              -1            -946          0.0000;
   135    1.195              -1            -934          0.0000;
   136    1.204              -1            -921          0.0000;
   137    1.213              -1            -908          0.0000;
   138    1.222              -1            -893          0.0000;
   139    1.231              -1            -877          0.0000;
   140    1.240              -1            -860          0.0000;
   141    1.248              -1            -843          0.0000;
   142    1.257              -1            -827          0.0000;
   143    1.266              -1            -812          0.0000;
   144    1.275              -1            -800          0.0000;
   145    1.284              -1            -791          0.0000;
   146    1.293              -1            -784          0.0000;
   147    1.302              -1            -779          0.0000;
   148    1.310              -1            -777          0.0000;
   149    1.319              -1            -776          0.0000;
   150    1.328              -1            -776          0.0000;
   151    1.337              -1            -780          0.0000;
   152    1.346              -1            -783          0.0000;
   153    1.355              -1            -787          0.0000;
   154    1.364              -1            -791          0.0000;
   155    1.372              -1            -794          0.0000;
   156    1.381              -1            -797          0.0000;
   157    1.390              -1            -800          0.0000;
   158    1.399              -1            -802          0.0000;
   159    1.408              -1            -803          0.0000;
   160    1.417              -1            -804          0.0000;
   161    1.426              -1            -804          0.0000;
   162    1.434              -1            -805          0.0000;
   163    1.443              -1            -805          0.0000;
   164    1.452              -1            -805          0.0000;
   165    1.461              -1            -805          0.0000;
   166    1.470              -1            -805          0.0000;
   167    1.479              -1            -805          0.0000;
   168    1.488              -1            -805          0.0000;
   169    1.496              -1            -805          0.0000;
   170    1.505              -1            -805          0.0000;
   171    1.514              -1            -805          0.0000;
   172    1.523              -1            -805          0.0000;
   173    1.532              -1            -805          0.0000;
   174    1.541              -1            -805          0.0000;
   175    1.549              -1            -805          0.0000;
   176    1.558              -1            -805          0.0000;
   177    1.567              -1            -805          0.0000;
   178    1.576              -1            -805          0.0000;
   179    1.585              -1            -805          0.0000;
   180    1.594              -1            -805          0.0000;
   181    1.603              -1            -805          0.0000;
   182    1.611              -1            -805          0.0000;
   183    1.620              -1            -805          0.0000;
   184    1.629              -1            -805          0.0000;
   185    1.638              -1            -805          0.0000;
   186    1.647              -1            -805          0.0000;
   187    1.656              -1            -805          0.0000;
   188    1.665              -1            -805          0.0000;
   189    1.673              -1            -805          0.0000;
   190    1.682              -1            -805          0.0000;
   191    1.691              -1            -805          0.0000;
   192    1.700              -1            -805          0.0000;
   193    1.709              -1            -805          0.0000;
   194    1.718              -2            -805          0.0000;
   195    1.727              -2            -805          0.0000;
   196    1.735              -2            -805          0.0000;
   197    1.744              -2            -805          0.0000;
   198    1.753              -2            -805          0.0000;
   199    1.762              -2            -805          0.0000;
   200    1.771              -2            -805          0.0000;
   201    1.780              -3            -805          0.0000;
   202    1.789              -3            -805          0.0000;
   203    1.797              -3            -805          0.0000;
   204    1.806              -3            -805          0.0000;
   205    1.815              -3            -805          0.0000;
   206    1.824              -3            -805          0.0000;
   207    1.833              -3            -805          0.0000;
   208    1.842              -3            -805          0.0000;
   209    1.851              -3            -805          0.0000;
   210    1.859              -3            -805          0.0000;
   211    1.868              -3            -805          0.0000;
   212    1.877              -3            -805          0.0000;
   213    1.886              -3            -805          0.0000;
   214    1.895              -3            -805          0.0000;
   215    1.904              -3            -805          0.0000;
   216    1.913              -3            -805          0.0000;
   217    1.921              -3            -805          0.0000;
   218    1.930              -3            -805          0.0000;
   219    1.939              -3            -805          0.0000;
   220    1.948              -3            -805          0.0000;
   221    1.957              -3            -805          0.0000;
   222    1.966              -3            -805          0.0000;
   223    1.974              -1            -805          0.0000;
   224    1.983              -1            -805          0.0000;
   225    1.992              -1            -805          0.0000;
   226    2.001              -1            -805          0.0000;
   227    2.010              -1            -805          0.0000;
   228    2.019              -1            -805          0.0000;
   229    2.028              -1            -805          0.0000;
   230    2.036              -1            -805          0.0000;
   231    2.045              -1            -805          0.0000;
   232    2.054              -1            -805          0.0000;
   233    2.063              -1            -805          0.0000;
   234    2.072              -1            -805          0.0000;
   235    2.081              -1            -805          0.0000;
   236    2.090              -1            -805          0.0000;
   237    2.098              -1            -805          0.0000;
   238    2.107              -1            -805          0.0000;
   239    2.116              -1            -805          0.0000;
   240    2.125              -1            -805          0.0000;
   241    2.134              -1            -805          0.0000;
   242    2.143              -1            -805          0.0000;
   243    2.152              -1            -805          0.0000;
   244    2.160              -1            -805          0.0000;
   245    2.169              -1            -805          0.0000;
   246    2.178              -1            -805          0.0000;
   247    2.187              -1            -805          0.0000;
   248    2.196              -1            -805          0.0000;
   249    2.205              -1            -805          0.0000;
   250    2.214              -1            -805          0.0000;
   251    2.222              -1            -805          0.0000;
   252    2.231              -1            -805          0.0000;
   253    2.240              -1            -805          0.0000;
   254    2.249              -1            -805          0.0000;
   255    2.258              -1            -805          0.0000;
   256    2.267              -1            -805          0.0000;
   257    2.276              -1            -805          0.0000;
   258    2.284              -1            -805          0.0000;
   259    2.293              -1            -805          0.0000;
   260    2.302              -1            -805          0.0000;
   261    2.311              -1            -805          0.0000;
   262    2.320              -1            -805          0.0000;
   263    2.329              -1            -805          0.0000;
   264    2.338              -1            -805          0.0000;
   265    2.346              -1            -805          0.0000;
   266    2.355              -1            -805          0.0000;
   267    2.364              -1            -805          0.0000;
   268    2.373              -1            -805          0.0000;
   269    2.382              -1            -805          0.0000;
   270    2.391              -2            -805          0.0000;
   271    2.399              -2            -805          0.0000;
   272    2.408              -2            -805          0.0000;
   273    2.417              -2            -805          0.0000;
   274    2.426              -2            -805          0.0000;
   275    2.435              -2            -805          0.0000;
   276    2.444              -2            -805          0.0000;
   277    2.453              -2            -805          0.0000;
   278    2.461              -2            -805          0.0000;
   279    2.470              -2            -805          0.0000;
   280    2.479              -2            -805          0.0000;
   281    2.488              -2            -805          0.0000;
   282    2.497              -2            -805          0.0000;
   283    2.506              -2            -805          0.0000;
   284    2.515              -2            -805          0.0000;
   285    2.523              -2            -805          0.0000;
   286    2.532              -2            -805          0.0000;
   287    2.541              -2            -805          0.0000;
   288    2.550              -2            -805          0.0000;
   289    2.559              -2            -805          0.0000;
   290    2.568              -2            -805          0.0000;
   291    2.577              -3            -805          0.0000;
   292    2.585              -3            -805          0.0000;
   293    2.594              -4            -805          0.0000;
   294    2.603              -5            -805          0.0000;
   295    2.612              -5            -805          0.0000;
   296    2.621              -5            -805          0.0000;
   297    2.630              -5            -805          0.0000;
   298    2.639              -5            -805          0.0000;
   299    2.647              -5            -805          0.0000;
   300    2.656              -5            -805          0.0000;
   301    2.665              -5            -805          0.0000;
   302    2.674              -5            -805          0.0000;
   303    2.683              -5            -805          0.0000;
   304    2.692              -5            -805          0.0000;
   305    2.701              -5            -805          0.0000;
   306    2.709              -5            -805          0.0000;
   307    2.718              -5            -805          0.0000;
   308    2.727              -5            -805          0.0000;
   309    2.736              -5            -805          0.0000;
   310    2.745              -5            -805          0.0000;
   311    2.754              -5            -805          0.0000;
   312    2.763              -5            -805          0.0000;
   313    2.771              -5            -805          0.0000;
   314    2.780              -5            -805          0.0000;
   315    2.789              -5            -805          0.0000;
   316    2.798              -5            -805          0.0000;
   317    2.807              -5            -805          0.0000;
   318    2.816              -5            -805          0.0000;
   319    2.824              -5            -805          0.0000;
   320    2.833              -5            -805          0.0000;
   321    2.842              -5            -805          0.0000;
   322    2.851              -5            -805          0.0000;
   323    2.860              -5            -805          0.0000;
   324    2.869              -5            -805          0.0000;
   325    2.878              -5            -805          0.0000;
   326    2.886              -5            -805          0.0000;
   327    2.895              -5            -805          0.0000;
   328    2.904              -5            -805          0.0000;
   329    2.913              -5            -805          0.0000;
   330    2.922              -5            -805          0.0000;
   331    2.931              -5            -805          0.0000;
   332    2.940              -5            -805          0.0000;
   333    2.948              -5            -805          0.0000;
   334    2.957              -5            -805          0.0000;
   335    2.966              -5            -805          0.0000;
   336    2.975              -5            -805          0.0000;
   337    2.984              -5            -805          0.0000;
   338    2.993              -5            -805          0.0000;
   339    3.002              -5            -805          0.0000;
   340    3.010              -5            -805          0.0000;
   341    3.019              -5            -805          0.0000;
   342    3.028              -5            -805          0.0000;
   343    3.037              -5            -805          0.0000;
   344    3.046              -5            -805          0.0000;
   345    3.055              -5            -805          0.0000;
   346    3.064              -5            -805          0.0000;
   347    3.072              -5            -805          0.0000;
   348    3.081              -5            -805          0.0000;
   349    3.090              -5            -805          0.0000;
   350    3.099              -5            -805          0.0000;
   351    3.108              -5            -805          0.0000;
   352    3.117              -5            -805          0.0000;
   353    3.126              -5            -805          0.0000;
   354    3.134              -4            -805          0.0000;
   355    3.143              -3            -805          0.0000;
   356    3.152              -3            -805          0.0000;
   357    3.161              -3            -805          0.0000;
   358    3.170              -3            -805          0.0000;
   359    3.179              -3            -805          0.0000;
   360    3.188              -3            -805          0.0000;
   361    3.196              -3            -805          0.0000;
   362    3.205              -3            -805          0.0000;
   363    3.214              -3            -805          0.0000;
   364    3.223              -3            -805          0.0000;
   365    3.232              -3            -805          0.0000;
   366    3.241              -3            -805          0.0000;
   367    3.249              -3            -805          0.0000;
   368    3.258              -3            -805          0.0000;
   369    3.267              -3            -805          0.0000;
   370    3.276              -3            -805          0.0000;
   371    3.285              -3            -805          0.0000;
   372    3.294              -4            -805          0.0000;
   373    3.303              -4            -805          0.0000;
   374    3.311              -4            -805          0.0000;
   375    3.320              -4            -805          0.0000;
   376    3.329              -4            -805          0.0000;
   377    3.338              -4            -805          0.0000;
   378    3.347              -4            -805          0.0000;
   379    3.356              -4            -805          0.0000;
   380    3.365              -4            -805          0.0000;
   381    3.373              -4            -805          0.0000;
   382    3.382              -4            -805          0.0000;
   383    3.391              -4            -805          0.0000;
   384    3.400              -4            -805          0.0000;
   385    3.409              -4            -805          0.0000;
   386    3.418              -4            -805          0.0000;
   387    3.427              -4            -805          0.0000;
   388    3.435              -4            -805          0.0000;
   389    3.444              -4            -805          0.0000;
   390    3.453              -4            -805          0.0000;
   391    3.462              -4            -805          0.0000;
   392    3.471              -4            -805          0.0000;
   393    3.480              -4            -805          0.0000;
   394    3.489              -4            -805          0.0000;
   395    3.497              -4            -805          0.0000;
   396    3.506              -4            -805          0.0000;
   397    3.515              -4            -805          0.0000;
   398    3.524              -4            -805          0.0000;
   399    3.533              -4            -805          0.0000;
   400    3.542              -4            -805          0.0000;
   401    3.551              -4            -805          0.0000;
   402    3.559              -4            -805          0.0000;
   403    3.568              -4            -805          0.0000;
   404    3.577              -4            -805          0.0000;
   405    3.586              -4            -805          0.0000;
   406    3.595              -4            -805          0.0000;
   407    3.604              -4            -805          0.0000;
   408    3.613              -4            -805          0.0000;
   409    3.621              -4            -805          0.0000;
   410    3.630              -4            -805          0.0000;
   411    3.639              -4            -805          0.0000;
   412    3.648              -4            -805          0.0000;
   413    3.657              -4            -805          0.0000;
   414    3.666              -4            -805          0.0000;
   415    3.674              -4            -805          0.0000;
   416    3.683              -4            -805          0.0000;
   417    3.692              -4            -805          0.0000;
   418    3.701              -4            -805          0.0000;
   419    3.710              -4            -805          0.0000;
   420    3.719              -4            -805          0.0000;
   421    3.728              -4            -805          0.0000;
   422    3.736              -4            -805          0.0000;
   423    3.745              -4            -805          0.0000;
   424    3.754              -4            -805          0.0000;
   425    3.763              -4            -805          0.0000;
   426    3.772              -5            -805          0.0000;
   427    3.781              -5            -805          0.0000;
   428    3.790              -5            -805          0.0000;
   429    3.798              -5            -805          0.0000;
   430    3.807              -5            -805          0.0000;
   431    3.816              -5            -805          0.0000;
   432    3.825              -5            -805          0.0000;
   433    3.834              -5            -805          0.0000;
   434    3.843              -5            -805          0.0000;
   435    3.852              -5            -805          0.0000;
   436    3.860              -5            -805          0.0000;
   437    3.869              -5            -805          0.0000;
   438    3.878              -5            -805          0.0000;
   439    3.887              -5            -805          0.0000;
   440    3.896              -5            -805          0.0000;
   441    3.905              -5            -805          0.0000;
   442    3.914              -5            -805          0.0000;
   443    3.922              -5            -805          0.0000;
   444    3.931              -5            -805          0.0000;
   445    3.940              -5            -805          0.0000;
   446    3.949              -5            -805          0.0000;
   447    3.958              -5            -805          0.0000;
   448    3.967              -5            -805          0.0000;
   449    3.976              -5            -805          0.0000;
   450    3.984              -5            -805          0.0000;
   451    3.993              -5            -805          0.0000;
   452    4.002              -5            -805          0.0000;
   453    4.011              -6            -805          0.0000;
   454    4.020              -6            -805          0.0000;
   455    4.029              -6            -805          0.0000;
   456    4.038              -6            -805          0.0000;
   457    4.046              -6            -805          0.0000;
   458    4.055              -6            -805          0.0000;
   459    4.064              -6            -805          0.0000;
   460    4.073              -6            -805          0.0000;
   461    4.082              -6            -805          0.0000;
   462    4.091              -6            -805          0.0000;
   463    4.099              -6            -805          0.0000;
   464    4.108              -6            -805          0.0000;
   465    4.117              -6            -805          0.0000;
   466    4.126              -6            -805          0.0000;
   467    4.135              -6            -805          0.0000;
   468    4.144              -6            -805          0.0000;
   469    4.153              -6            -805          0.0000;
   470    4.161              -6            -805          0.0000;
   471    4.170              -6            -805          0.0000;
   472    4.179              -6            -805          0.0000;
   473    4.188              -6            -805          0.0000;
   474    4.197              -6            -805          0.0000;
   475    4.206              -6            -805          0.0000;
   476    4.215              -6            -805          0.0000;
   477    4.223              -6            -805          0.0000;
   478    4.232              -6            -805          0.0000;
   479    4.241              -6            -805          0.0000;
   480    4.250              -6            -805          0.0000;
   481    4.259              -6            -805          0.0000;
   482    4.268              -6            -805          0.0000;
   483    4.277              -6            -805          0.0000;
   484    4.285              -6            -805          0.0000;
   485    4.294              -6            -805          0.0000;
   486    4.303              -6            -805          0.0000;
   487    4.312              -4            -805          0.0000;
   488    4.321              -4            -805          0.0000;
   489    4.330              -4            -805          0.0000;
   490    4.339              -3            -805          0.0000;
   491    4.347              -2            -805          0.0000;
   492    4.356              -2            -805          0.0000;
   493    4.365              -2            -805          0.0000;
   494    4.374              -2            -805          0.0000;
   495    4.383              -2            -805          0.0000;
   496    4.392              -2            -805          0.0000;
   497    4.401              -3            -805          0.0000;
   498    4.409              -3            -805          0.0000;
   499    4.418              -4            -805          0.0000;
   500    4.427              -4            -805          0.0000;
   501    4.436              -5            -805          0.0000;
   502    4.445              -5            -805          0.0000;
   503    4.454              -6            -805          0.0000;
   504    4.463              -6            -805          0.0000;
   505    4.471              -6            -805          0.0000;
   506    4.480              -6            -805          0.0000;
   507    4.489              -6            -805          0.0000;
   508    4.498              -6            -805          0.0000;
   509    4.507              -6            -805          0.0000;
   510    4.516              -6            -805          0.0000;
   511    4.524              -6            -805          0.0000;
   512    4.533              -6            -805          0.0000;
   513    4.542              -6            -805          0.0000;
   514    4.551              -6            -805          0.0000;
   515    4.560              -6            -805          0.0000;
   516    4.569              -6            -805          0.0000;
   517    4.578              -6            -805          0.0000;
   518    4.586              -6            -805          0.0000;
   519    4.595              -6            -805          0.0000;
   520    4.604              -6            -805          0.0000;
   521    4.613              -6            -805          0.0000;
   522    4.622              -6            -805          0.0000;
   523    4.631              -6            -805          0.0000;
   524    4.640              -6            -805          0.0000;
   525    4.648              -6            -805          0.0000;
   526    4.657              -6            -805          0.0000;
   527    4.666              -6            -805          0.0000;
   528    4.675              -6            -805          0.0000;
   529    4.684              -6            -805          0.0000;
   530    4.693              -6            -805          0.0000;
   531    4.702              -6            -805          0.0000;
   532    4.710              -6            -805          0.0000;
   533    4.719              -6            -805          0.0000;
   534    4.728              -6            -805          0.0000;
   535    4.737              -6            -805          0.0000;
   536    4.746              -6            -805          0.0000;
   537    4.755              -6            -805          0.0000;
   538    4.764              -6            -805          0.0000;
   539    4.772              -6            -805          0.0000;
   540    4.781              -6            -805          0.0000;
   541    4.790              -6            -805          0.0000;
   542    4.799              -6            -805          0.0000;
   543    4.808              -6            -805          0.0000;
   544    4.817              -6            -805          0.0000;
   545    4.826              -6            -805          0.0000;
   546    4.834              -6            -805          0.0000;
   547    4.843              -6            -805          0.0000;
   548    4.852              -6            -805          0.0000;
   549    4.861              -6            -805          0.0000;
   550    4.870              -6            -805          0.0000;
   551    4.879              -6            -805          0.0000;
   552    4.888              -6            -805          0.0000;
   553    4.896              -6            -805          0.0000;
   554    4.905              -6            -805          0.0000;
   555    4.914              -6            -805          0.0000;
   556    4.923              -6            -805          0.0000;
   557    4.932              -6            -805          0.0000;
   558    4.941              -6            -805          0.0000;
   559    4.949              -6            -805          0.0000;
   560    4.958              -6            -805          0.0000;
   561    4.967              -6            -805          0.0000;
   562    4.976              -6            -805          0.0000;
   563    4.985              -6            -805          0.0000;
   564    4.994              -6            -805          0.0000;
   565    5.003              -6            -805          0.0000;
   566    5.011              -6            -805          0.0000;
   567    5.020              -6            -805          0.0000;
   568    5.029              -6            -805          0.0000;
   569    5.038              -6            -805          0.0000;
   570    5.047              -6            -805          0.0000;
   571    5.056              -6            -805          0.0000;
   572    5.065              -6            -805          0.0000;
   573    5.073              -6            -805          0.0000;
   574    5.082              -6            -805          0.0000;
   575    5.091              -6            -805          0.0000;
   576    5.100              -6            -805          0.0000;
   577    5.109              -6            -805          0.0000;
   578    5.118              -6            -805          0.0000;
   579    5.127              -6            -805          0.0000;
   580    5.135              -6            -805          0.0000;
   581    5.144              -6            -805          0.0000;
   582    5.153              -6            -805          0.0000;
   583    5.162              -6            -805          0.0000;
   584    5.171              -6            -805          0.0000;
   585    5.180              -6            -805          0.0000;
   586    5.189              -6            -805          0.0000;
   587    5.197              -6            -805          0.0000;
   588    5.206              -6            -805          0.0000;
   589    5.215              -6            -805          0.0000;
   590    5.224              -6            -805          0.0000;
   591    5.233              -6            -805          0.0000;
   592    5.242              -6            -805          0.0000;
   593    5.251              -6            -805          0.0000;
   594    5.259              -6            -805          0.0000;
   595    5.268              -6            -805          0.0000;
   596    5.277              -6            -805          0.0000;
   597    5.286              -6            -805          0.0000;
   598    5.295              -6            -805          0.0000;
   599    5.304              -6            -805          0.0000;
   600    5.313              -6            -805          0.0000;
   601    5.321              -6            -805          0.0000;
   602    5.330              -6            -805          0.0000;
   603    5.339              -6            -805          0.0000;
   604    5.348              -6            -805          0.0000;
   605    5.357              -6            -805          0.0000;
   606    5.366              -6            -805          0.0000;
   607    5.374              -6            -805          0.0000;
   608    5.383              -6            -805          0.0000;
   609    5.392              -6            -805          0.0000;
   610    5.401              -6            -805          0.0000;
   611    5.410              -4            -805          0.0000;
   612    5.419              -4            -805          0.0000;
   613    5.428              -4            -805          0.0000;
   614    5.436              -4            -805          0.0000;
   615    5.445              -4            -805          0.0000;
   616    5.454              -3            -805          0.0000;
   617    5.463              -3            -805          0.0000;
   618    5.472              -3            -805          0.0000;
   619    5.481              -3            -805          0.0000;
   620    5.490              -3            -805          0.0000;
   621    5.498              -3            -805          0.0000;
   622    5.507              -3            -805          0.0000;
   623    5.516              -3            -805          0.0000;
   624    5.525              -3            -805          0.0000;
   625    5.534              -4            -805          0.0000;
   626    5.543              -4            -805          0.0000;
   627    5.552              -4            -805          0.0000;
   628    5.560              -4            -805          0.0000;
   629    5.569              -4            -805          0.0000;
   630    5.578              -4            -805          0.0000;
   631    5.587              -4            -805          0.0000;
   632    5.596              -4            -805          0.0000;
   633    5.605              -4            -805          0.0000;
   634    5.614              -4            -805          0.0000;
   635    5.622              -4            -805          0.0000;
   636    5.631              -5            -805          0.0000;
   637    5.640              -5            -805          0.0000;
   638    5.649              -5            -805          0.0000;
   639    5.658              -5            -805          0.0000;
   640    5.667              -5            -805          0.0000;
   641    5.676              -5            -805          0.0000;
   642    5.684              -6            -805          0.0000;
   643    5.693              -6            -805          0.0000;
   644    5.702              -6            -805          0.0000;
   645    5.711              -6            -805          0.0000;
   646    5.720              -6            -805          0.0000;
   647    5.729              -6            -805          0.0000;
   648    5.738              -6            -805          0.0000;
   649    5.746              -6            -805          0.0000;
   650    5.755              -6            -805          0.0000;
   651    5.764              -6            -805          0.0000;
   652    5.773              -6            -805          0.0000;
   653    5.782              -6            -805          0.0000;
   654    5.791              -6            -805          0.0000;
   655    5.799              -4            -805          0.0000;
   656    5.808              -4            -805          0.0000;
   657    5.817              -4            -805          0.0000;
   658    5.826              -4            -805          0.0000;
   659    5.835              -4            -805          0.0000;
   660    5.844              -4            -805          0.0000;
   661    5.853              -4            -805          0.0000;
   662    5.861              -4            -805          0.0000;
   663    5.870              -4            -805          0.0000;
   664    5.879              -4            -805          0.0000;
   665    5.888              -4            -805          0.0000;
   666    5.897              -3            -805          0.0000;
   667    5.906              -2            -805          0.0000;
   668    5.915              -1            -805          0.0000;
   669    5.923              -0            -805          0.0000;
   670    5.932               0            -805          0.0000;
   671    5.941               1            -805          0.0000;
   672    5.950               2            -805          0.0000;
   673    5.959               2            -805          0.0000;
   674    5.968               2            -805          0.0000;
   675    5.977               2            -805          0.0000;
   676    5.985               2            -805          0.0000]
