 Sample   Time     Encoder 1 Pos   Encoder 2 Pos   Control Effort

[    0    0.000              16              49          0.0000;
     1    0.009              16              49          0.0000;
     2    0.018              16              49          0.0000;
     3    0.027              17              49          0.0000;
     4    0.035              17              49          0.0000;
     5    0.044              17              49          0.0000;
     6    0.053              17              49          0.0000;
     7    0.062              17              49          0.0000;
     8    0.071              17              49          0.0000;
     9    0.080              17              49          0.0000;
    10    0.089              17              49          0.0000;
    11    0.097              17              49          0.0000;
    12    0.106              17              49          0.0000;
    13    0.115              17              49          0.0000;
    14    0.124              17              49          0.0000;
    15    0.133              17              49          0.0000;
    16    0.142              17              49          0.0000;
    17    0.151              17              49          0.0000;
    18    0.159              17              49          0.0000;
    19    0.168              17              49          0.0000;
    20    0.177              17              49          0.0000;
    21    0.186              17              49          0.0000;
    22    0.195              17              49          0.0000;
    23    0.204              17              49          0.0000;
    24    0.213              17              49          0.0000;
    25    0.221              17              49          0.0000;
    26    0.230              17              49          0.0000;
    27    0.239              17              49          0.0000;
    28    0.248              17              49          0.0000;
    29    0.257              17              49          0.0000;
    30    0.266              17              49          0.0000;
    31    0.274              17              49          0.0000;
    32    0.283              17              49          0.0000;
    33    0.292              17              49          0.0000;
    34    0.301              17              49          0.0000;
    35    0.310              17              49          0.0000;
    36    0.319              17              49          0.0000;
    37    0.328              17              49          0.0000;
    38    0.336              17              49          0.0000;
    39    0.345              17              49          0.0000;
    40    0.354              17              49          0.0000;
    41    0.363              17              49          0.0000;
    42    0.372              17              49          0.0000;
    43    0.381              17              49          0.0000;
    44    0.390              17              49          0.0000;
    45    0.398              17              49          0.0000;
    46    0.407              17              49          0.0000;
    47    0.416              17              49          0.0000;
    48    0.425              17              50          0.0000;
    49    0.434              17              50          0.0000;
    50    0.443              17              50          0.0000;
    51    0.452              17              51          0.0000;
    52    0.460              17              51          0.0000;
    53    0.469              17              52          0.0000;
    54    0.478              17              52          0.0000;
    55    0.487              17              52          0.0000;
    56    0.496              17              53          0.0000;
    57    0.505              17              53          0.0000;
    58    0.514              17              53          0.0000;
    59    0.522              17              53          0.0000;
    60    0.531              17              53          0.0000;
    61    0.540              17              53          0.0000;
    62    0.549              17              54          0.0000;
    63    0.558              17              54          0.0000;
    64    0.567              17              55          0.0000;
    65    0.576              17              56          0.0000;
    66    0.584              17              56          0.0000;
    67    0.593              17              56          0.0000;
    68    0.602              17              56          0.0000;
    69    0.611              17              56          0.0000;
    70    0.620              17              56          0.0000;
    71    0.629              17              56          0.0000;
    72    0.638              17              56          0.0000;
    73    0.646              17              56          0.0000;
    74    0.655              17              56          0.0000;
    75    0.664              17              56          0.0000;
    76    0.673              17              56          0.0000;
    77    0.682              17              56          0.0000;
    78    0.691              17              56          0.0000;
    79    0.699              17              56          0.0000;
    80    0.708              17              56          0.0000;
    81    0.717              17              56          0.0000;
    82    0.726              17              56          0.0000;
    83    0.735              17              55          0.0000;
    84    0.744              17              51          0.0000;
    85    0.753              17              44          0.0000;
    86    0.761              17              32          0.0000;
    87    0.770              17               9          0.0000;
    88    0.779              17             -29          0.0000;
    89    0.788              17             -82          0.0000;
    90    0.797              17            -147          0.0000;
    91    0.806              17            -222          0.0000;
    92    0.815              17            -306          0.0000;
    93    0.823              15            -398          0.0000;
    94    0.832              14            -494          0.0000;
    95    0.841              12            -592          0.0000;
    96    0.850              11            -692          0.0000;
    97    0.859               9            -791          0.0000;
    98    0.868               8            -886          0.0000;
    99    0.877               6            -975          0.0000;
   100    0.885               4           -1059          0.0000;
   101    0.894               4           -1133          0.0000;
   102    0.903               3           -1197          0.0000;
   103    0.912               3           -1249          0.0000;
   104    0.921               2           -1291          0.0000;
   105    0.930               1           -1320          0.0000;
   106    0.939              -0           -1336          0.0000;
   107    0.947              -1           -1340          0.0000;
   108    0.956              -1           -1332          0.0000;
   109    0.965              -2           -1313          0.0000;
   110    0.974              -2           -1285          0.0000;
   111    0.983              -2           -1250          0.0000;
   112    0.992              -2           -1208          0.0000;
   113    1.001              -2           -1159          0.0000;
   114    1.009              -2           -1106          0.0000;
   115    1.018              -2           -1049          0.0000;
   116    1.027               0            -989          0.0000;
   117    1.036               1            -928          0.0000;
   118    1.045               2            -867          0.0000;
   119    1.054               2            -807          0.0000;
   120    1.063               3            -748          0.0000;
   121    1.071               4            -693          0.0000;
   122    1.080               4            -643          0.0000;
   123    1.089               5            -598          0.0000;
   124    1.098               6            -560          0.0000;
   125    1.107               6            -528          0.0000;
   126    1.116               7            -505          0.0000;
   127    1.124               7            -490          0.0000;
   128    1.133               8            -485          0.0000;
   129    1.142               8            -487          0.0000;
   130    1.151               9            -497          0.0000;
   131    1.160               9            -514          0.0000;
   132    1.169               9            -536          0.0000;
   133    1.178               9            -562          0.0000;
   134    1.186               9            -592          0.0000;
   135    1.195               9            -623          0.0000;
   136    1.204               9            -656          0.0000;
   137    1.213               9            -689          0.0000;
   138    1.222               9            -723          0.0000;
   139    1.231               9            -756          0.0000;
   140    1.240               9            -787          0.0000;
   141    1.248               9            -817          0.0000;
   142    1.257               9            -844          0.0000;
   143    1.266               8            -866          0.0000;
   144    1.275               8            -882          0.0000;
   145    1.284               7            -894          0.0000;
   146    1.293               7            -902          0.0000;
   147    1.302               6            -906          0.0000;
   148    1.310               5            -906          0.0000;
   149    1.319               5            -904          0.0000;
   150    1.328               4            -898          0.0000;
   151    1.337               3            -891          0.0000;
   152    1.346               2            -882          0.0000;
   153    1.355               2            -872          0.0000;
   154    1.364               2            -860          0.0000;
   155    1.372               2            -848          0.0000;
   156    1.381               2            -834          0.0000;
   157    1.390               2            -820          0.0000;
   158    1.399               2            -807          0.0000;
   159    1.408               2            -796          0.0000;
   160    1.417               2            -787          0.0000;
   161    1.426               2            -781          0.0000;
   162    1.434               2            -779          0.0000;
   163    1.443               2            -778          0.0000;
   164    1.452               2            -780          0.0000;
   165    1.461               2            -784          0.0000;
   166    1.470               2            -789          0.0000;
   167    1.479               2            -795          0.0000;
   168    1.488               2            -800          0.0000;
   169    1.496               2            -805          0.0000;
   170    1.505               2            -808          0.0000;
   171    1.514               2            -810          0.0000;
   172    1.523               2            -811          0.0000;
   173    1.532               2            -811          0.0000;
   174    1.541               2            -810          0.0000;
   175    1.549               2            -808          0.0000;
   176    1.558               2            -806          0.0000;
   177    1.567               2            -805          0.0000;
   178    1.576               2            -805          0.0000;
   179    1.585               2            -804          0.0000;
   180    1.594               2            -804          0.0000;
   181    1.603               2            -804          0.0000;
   182    1.611               2            -804          0.0000;
   183    1.620               2            -804          0.0000;
   184    1.629               2            -804          0.0000;
   185    1.638               2            -804          0.0000;
   186    1.647               2            -804          0.0000;
   187    1.656               2            -804          0.0000;
   188    1.665               2            -804          0.0000;
   189    1.673               1            -804          0.0000;
   190    1.682               1            -804          0.0000;
   191    1.691               1            -804          0.0000;
   192    1.700               1            -804          0.0000;
   193    1.709               1            -804          0.0000;
   194    1.718               1            -804          0.0000;
   195    1.727               0            -804          0.0000;
   196    1.735               0            -804          0.0000;
   197    1.744               0            -804          0.0000;
   198    1.753              -0            -804          0.0000;
   199    1.762              -0            -804          0.0000;
   200    1.771              -1            -804          0.0000;
   201    1.780              -1            -804          0.0000;
   202    1.789              -1            -804          0.0000;
   203    1.797              -1            -804          0.0000;
   204    1.806              -1            -804          0.0000;
   205    1.815              -2            -804          0.0000;
   206    1.824              -3            -804          0.0000;
   207    1.833              -3            -804          0.0000;
   208    1.842              -3            -804          0.0000;
   209    1.851              -3            -804          0.0000;
   210    1.859              -3            -804          0.0000;
   211    1.868              -3            -804          0.0000;
   212    1.877              -3            -804          0.0000;
   213    1.886              -3            -804          0.0000;
   214    1.895              -3            -804          0.0000;
   215    1.904              -4            -804          0.0000;
   216    1.913              -4            -804          0.0000;
   217    1.921              -4            -804          0.0000;
   218    1.930              -4            -804          0.0000;
   219    1.939              -4            -804          0.0000;
   220    1.948              -5            -804          0.0000;
   221    1.957              -5            -804          0.0000;
   222    1.966              -5            -804          0.0000;
   223    1.974              -5            -804          0.0000;
   224    1.983              -5            -804          0.0000;
   225    1.992              -5            -804          0.0000;
   226    2.001              -5            -804          0.0000;
   227    2.010              -5            -804          0.0000;
   228    2.019              -5            -804          0.0000;
   229    2.028              -6            -804          0.0000;
   230    2.036              -8            -804          0.0000;
   231    2.045              -8            -804          0.0000;
   232    2.054              -9            -804          0.0000;
   233    2.063              -9            -804          0.0000;
   234    2.072              -9            -804          0.0000;
   235    2.081              -9            -804          0.0000;
   236    2.090              -9            -804          0.0000;
   237    2.098              -9            -804          0.0000;
   238    2.107              -9            -804          0.0000;
   239    2.116              -9            -804          0.0000;
   240    2.125              -9            -804          0.0000;
   241    2.134              -9            -804          0.0000;
   242    2.143              -9            -804          0.0000;
   243    2.152              -9            -804          0.0000;
   244    2.160              -9            -804          0.0000;
   245    2.169              -9            -804          0.0000;
   246    2.178              -9            -804          0.0000;
   247    2.187              -9            -804          0.0000;
   248    2.196              -9            -804          0.0000;
   249    2.205              -9            -804          0.0000;
   250    2.214              -9            -804          0.0000;
   251    2.222              -9            -804          0.0000;
   252    2.231              -9            -804          0.0000;
   253    2.240              -9            -804          0.0000;
   254    2.249              -9            -804          0.0000;
   255    2.258              -9            -804          0.0000;
   256    2.267              -9            -804          0.0000;
   257    2.276              -9            -804          0.0000;
   258    2.284              -9            -804          0.0000;
   259    2.293              -7            -804          0.0000;
   260    2.302              -7            -804          0.0000;
   261    2.311              -7            -804          0.0000;
   262    2.320              -7            -804          0.0000;
   263    2.329              -7            -804          0.0000;
   264    2.338              -7            -804          0.0000;
   265    2.346              -7            -804          0.0000;
   266    2.355              -7            -804          0.0000;
   267    2.364              -7            -804          0.0000;
   268    2.373              -7            -804          0.0000;
   269    2.382              -6            -804          0.0000;
   270    2.391              -6            -804          0.0000;
   271    2.399              -6            -804          0.0000;
   272    2.408              -6            -804          0.0000;
   273    2.417              -6            -804          0.0000;
   274    2.426              -6            -804          0.0000;
   275    2.435              -6            -804          0.0000;
   276    2.444              -6            -804          0.0000;
   277    2.453              -6            -804          0.0000;
   278    2.461              -6            -804          0.0000;
   279    2.470              -6            -804          0.0000;
   280    2.479              -6            -804          0.0000;
   281    2.488              -6            -804          0.0000;
   282    2.497              -6            -804          0.0000;
   283    2.506              -6            -804          0.0000;
   284    2.515              -5            -804          0.0000;
   285    2.523              -5            -804          0.0000;
   286    2.532              -5            -804          0.0000;
   287    2.541              -5            -804          0.0000;
   288    2.550              -5            -804          0.0000;
   289    2.559              -5            -804          0.0000;
   290    2.568              -5            -804          0.0000;
   291    2.577              -5            -804          0.0000;
   292    2.585              -5            -804          0.0000;
   293    2.594              -5            -804          0.0000;
   294    2.603              -5            -804          0.0000;
   295    2.612              -5            -804          0.0000;
   296    2.621              -5            -804          0.0000;
   297    2.630              -5            -804          0.0000;
   298    2.639              -5            -804          0.0000;
   299    2.647              -5            -804          0.0000;
   300    2.656              -5            -804          0.0000;
   301    2.665              -5            -804          0.0000;
   302    2.674              -5            -804          0.0000;
   303    2.683              -5            -804          0.0000;
   304    2.692              -5            -804          0.0000;
   305    2.701              -5            -804          0.0000;
   306    2.709              -5            -804          0.0000;
   307    2.718              -5            -804          0.0000;
   308    2.727              -5            -804          0.0000;
   309    2.736              -5            -804          0.0000;
   310    2.745              -5            -804          0.0000;
   311    2.754              -5            -804          0.0000;
   312    2.763              -5            -804          0.0000;
   313    2.771              -5            -804          0.0000;
   314    2.780              -5            -804          0.0000;
   315    2.789              -5            -804          0.0000;
   316    2.798              -5            -804          0.0000;
   317    2.807              -5            -804          0.0000;
   318    2.816              -5            -804          0.0000;
   319    2.824              -5            -804          0.0000;
   320    2.833              -5            -804          0.0000;
   321    2.842              -5            -804          0.0000;
   322    2.851              -5            -804          0.0000;
   323    2.860              -5            -804          0.0000;
   324    2.869              -5            -804          0.0000;
   325    2.878              -5            -804          0.0000;
   326    2.886              -5            -804          0.0000;
   327    2.895              -5            -804          0.0000;
   328    2.904              -5            -804          0.0000;
   329    2.913              -5            -804          0.0000;
   330    2.922              -5            -804          0.0000;
   331    2.931              -5            -804          0.0000;
   332    2.940              -5            -804          0.0000;
   333    2.948              -5            -804          0.0000;
   334    2.957              -5            -804          0.0000;
   335    2.966              -5            -804          0.0000;
   336    2.975              -5            -804          0.0000;
   337    2.984              -6            -804          0.0000;
   338    2.993              -6            -804          0.0000;
   339    3.002              -7            -804          0.0000;
   340    3.010              -7            -804          0.0000;
   341    3.019              -8            -804          0.0000;
   342    3.028              -8            -804          0.0000;
   343    3.037              -8            -804          0.0000;
   344    3.046              -8            -804          0.0000;
   345    3.055              -8            -804          0.0000;
   346    3.064              -8            -804          0.0000;
   347    3.072              -8            -804          0.0000;
   348    3.081              -8            -804          0.0000;
   349    3.090              -8            -804          0.0000;
   350    3.099              -8            -804          0.0000;
   351    3.108              -8            -804          0.0000;
   352    3.117              -8            -804          0.0000;
   353    3.126              -9            -804          0.0000;
   354    3.134              -9            -804          0.0000;
   355    3.143             -10            -804          0.0000;
   356    3.152             -10            -804          0.0000;
   357    3.161             -10            -804          0.0000;
   358    3.170             -10            -804          0.0000;
   359    3.179             -10            -804          0.0000;
   360    3.188             -10            -804          0.0000;
   361    3.196              -8            -804          0.0000;
   362    3.205              -8            -804          0.0000;
   363    3.214              -8            -804          0.0000;
   364    3.223              -8            -804          0.0000;
   365    3.232              -8            -804          0.0000;
   366    3.241              -8            -804          0.0000;
   367    3.249              -8            -804          0.0000;
   368    3.258              -8            -804          0.0000;
   369    3.267              -8            -804          0.0000;
   370    3.276              -8            -804          0.0000;
   371    3.285              -8            -804          0.0000;
   372    3.294              -8            -804          0.0000;
   373    3.303              -8            -804          0.0000;
   374    3.311              -8            -804          0.0000;
   375    3.320              -8            -804          0.0000;
   376    3.329              -8            -804          0.0000;
   377    3.338              -8            -804          0.0000;
   378    3.347              -8            -804          0.0000;
   379    3.356              -8            -804          0.0000;
   380    3.365              -8            -804          0.0000;
   381    3.373              -8            -804          0.0000;
   382    3.382              -7            -804          0.0000;
   383    3.391              -7            -804          0.0000;
   384    3.400              -7            -804          0.0000;
   385    3.409              -7            -804          0.0000;
   386    3.418              -7            -804          0.0000;
   387    3.427              -7            -804          0.0000;
   388    3.435              -7            -804          0.0000;
   389    3.444              -7            -804          0.0000;
   390    3.453              -7            -804          0.0000;
   391    3.462              -8            -804          0.0000;
   392    3.471              -8            -804          0.0000;
   393    3.480              -8            -804          0.0000;
   394    3.489              -8            -804          0.0000;
   395    3.497              -8            -804          0.0000;
   396    3.506              -8            -804          0.0000;
   397    3.515              -9            -804          0.0000;
   398    3.524              -9            -804          0.0000;
   399    3.533             -10            -804          0.0000;
   400    3.542             -10            -804          0.0000;
   401    3.551             -11            -804          0.0000;
   402    3.559             -11            -804          0.0000;
   403    3.568             -12            -804          0.0000;
   404    3.577             -12            -804          0.0000;
   405    3.586             -12            -804          0.0000;
   406    3.595             -12            -804          0.0000;
   407    3.604             -10            -804          0.0000;
   408    3.613             -10            -804          0.0000;
   409    3.621             -10            -804          0.0000;
   410    3.630             -10            -804          0.0000;
   411    3.639             -10            -804          0.0000;
   412    3.648             -10            -804          0.0000;
   413    3.657             -10            -804          0.0000;
   414    3.666             -10            -804          0.0000;
   415    3.674             -10            -804          0.0000;
   416    3.683             -10            -804          0.0000;
   417    3.692             -10            -804          0.0000;
   418    3.701             -10            -804          0.0000;
   419    3.710             -10            -804          0.0000;
   420    3.719             -10            -804          0.0000;
   421    3.728             -10            -804          0.0000;
   422    3.736             -10            -804          0.0000;
   423    3.745             -10            -804          0.0000;
   424    3.754             -10            -804          0.0000;
   425    3.763             -10            -804          0.0000;
   426    3.772             -10            -804          0.0000;
   427    3.781             -10            -804          0.0000;
   428    3.790             -10            -804          0.0000;
   429    3.798             -10            -804          0.0000;
   430    3.807             -10            -804          0.0000;
   431    3.816             -10            -804          0.0000;
   432    3.825             -10            -804          0.0000;
   433    3.834             -10            -804          0.0000;
   434    3.843             -10            -804          0.0000;
   435    3.852             -10            -804          0.0000;
   436    3.860             -10            -804          0.0000;
   437    3.869             -10            -804          0.0000;
   438    3.878             -10            -804          0.0000;
   439    3.887             -10            -804          0.0000;
   440    3.896             -10            -804          0.0000;
   441    3.905             -10            -804          0.0000;
   442    3.914             -10            -804          0.0000;
   443    3.922             -10            -804          0.0000;
   444    3.931             -10            -804          0.0000;
   445    3.940             -10            -804          0.0000;
   446    3.949              -9            -804          0.0000;
   447    3.958              -9            -804          0.0000;
   448    3.967              -9            -804          0.0000;
   449    3.976              -9            -804          0.0000;
   450    3.984              -9            -804          0.0000;
   451    3.993              -9            -804          0.0000;
   452    4.002              -9            -804          0.0000;
   453    4.011              -9            -804          0.0000;
   454    4.020              -9            -804          0.0000;
   455    4.029              -9            -804          0.0000;
   456    4.038              -9            -804          0.0000;
   457    4.046              -9            -804          0.0000;
   458    4.055              -9            -804          0.0000;
   459    4.064              -9            -804          0.0000;
   460    4.073              -9            -804          0.0000;
   461    4.082              -9            -804          0.0000;
   462    4.091              -8            -804          0.0000;
   463    4.099              -8            -804          0.0000;
   464    4.108              -8            -804          0.0000;
   465    4.117              -8            -804          0.0000;
   466    4.126              -8            -804          0.0000;
   467    4.135              -8            -804          0.0000;
   468    4.144              -8            -804          0.0000;
   469    4.153              -8            -804          0.0000;
   470    4.161              -8            -804          0.0000;
   471    4.170              -8            -804          0.0000;
   472    4.179              -8            -804          0.0000;
   473    4.188              -8            -804          0.0000;
   474    4.197              -8            -804          0.0000;
   475    4.206              -8            -804          0.0000;
   476    4.215              -8            -804          0.0000;
   477    4.223              -8            -804          0.0000;
   478    4.232              -8            -804          0.0000;
   479    4.241              -8            -804          0.0000;
   480    4.250              -8            -804          0.0000;
   481    4.259              -8            -804          0.0000;
   482    4.268              -8            -804          0.0000;
   483    4.277              -8            -804          0.0000;
   484    4.285              -8            -804          0.0000;
   485    4.294              -8            -804          0.0000;
   486    4.303              -8            -804          0.0000;
   487    4.312              -8            -804          0.0000;
   488    4.321              -8            -806          0.0000;
   489    4.330              -8            -806          0.0000;
   490    4.339              -8            -806          0.0000;
   491    4.347              -8            -806          0.0000;
   492    4.356              -8            -806          0.0000;
   493    4.365              -8            -806          0.0000;
   494    4.374              -9            -806          0.0000;
   495    4.383              -9            -806          0.0000;
   496    4.392              -9            -806          0.0000;
   497    4.401              -9            -806          0.0000;
   498    4.409              -9            -806          0.0000;
   499    4.418             -10            -806          0.0000;
   500    4.427             -11            -806          0.0000;
   501    4.436             -12            -806          0.0000;
   502    4.445             -12            -806          0.0000;
   503    4.454             -12            -806          0.0000;
   504    4.463             -13            -806          0.0000;
   505    4.471             -13            -806          0.0000;
   506    4.480             -13            -806          0.0000;
   507    4.489             -13            -806          0.0000;
   508    4.498             -13            -806          0.0000;
   509    4.507             -13            -806          0.0000;
   510    4.516             -13            -806          0.0000;
   511    4.524             -13            -806          0.0000;
   512    4.533             -13            -806          0.0000;
   513    4.542             -13            -806          0.0000;
   514    4.551             -13            -806          0.0000;
   515    4.560             -13            -806          0.0000;
   516    4.569             -13            -806          0.0000;
   517    4.578             -13            -806          0.0000;
   518    4.586             -13            -806          0.0000;
   519    4.595             -13            -806          0.0000;
   520    4.604             -13            -806          0.0000;
   521    4.613             -13            -806          0.0000;
   522    4.622             -13            -806          0.0000;
   523    4.631             -13            -806          0.0000;
   524    4.640             -13            -806          0.0000;
   525    4.648             -13            -806          0.0000;
   526    4.657             -11            -806          0.0000;
   527    4.666             -11            -806          0.0000;
   528    4.675             -10            -806          0.0000;
   529    4.684             -10            -806          0.0000;
   530    4.693             -10            -806          0.0000;
   531    4.702             -10            -806          0.0000;
   532    4.710             -10            -806          0.0000;
   533    4.719             -10            -806          0.0000;
   534    4.728             -10            -806          0.0000;
   535    4.737             -10            -806          0.0000;
   536    4.746             -10            -806          0.0000;
   537    4.755             -10            -806          0.0000;
   538    4.764             -10            -806          0.0000;
   539    4.772             -10            -806          0.0000;
   540    4.781             -10            -806          0.0000;
   541    4.790             -10            -806          0.0000;
   542    4.799             -10            -806          0.0000;
   543    4.808             -10            -806          0.0000;
   544    4.817             -10            -806          0.0000;
   545    4.826             -10            -806          0.0000;
   546    4.834             -10            -806          0.0000;
   547    4.843             -10            -806          0.0000;
   548    4.852             -10            -806          0.0000;
   549    4.861             -10            -806          0.0000;
   550    4.870             -10            -806          0.0000;
   551    4.879             -10            -806          0.0000;
   552    4.888             -10            -806          0.0000;
   553    4.896             -10            -806          0.0000;
   554    4.905             -10            -806          0.0000;
   555    4.914             -10            -806          0.0000;
   556    4.923             -10            -806          0.0000;
   557    4.932             -10            -806          0.0000;
   558    4.941             -10            -806          0.0000;
   559    4.949             -10            -806          0.0000;
   560    4.958             -10            -806          0.0000;
   561    4.967             -10            -806          0.0000;
   562    4.976             -10            -806          0.0000;
   563    4.985             -10            -806          0.0000;
   564    4.994             -10            -806          0.0000;
   565    5.003             -11            -806          0.0000;
   566    5.011             -11            -806          0.0000;
   567    5.020             -12            -806          0.0000;
   568    5.029             -13            -806          0.0000;
   569    5.038             -13            -806          0.0000;
   570    5.047             -13            -806          0.0000;
   571    5.056             -13            -806          0.0000;
   572    5.065             -13            -806          0.0000;
   573    5.073             -13            -806          0.0000;
   574    5.082             -11            -806          0.0000;
   575    5.091             -11            -806          0.0000;
   576    5.100             -10            -806          0.0000;
   577    5.109             -10            -806          0.0000;
   578    5.118              -9            -806          0.0000;
   579    5.127              -9            -806          0.0000;
   580    5.135              -9            -806          0.0000;
   581    5.144              -9            -806          0.0000;
   582    5.153              -9            -806          0.0000;
   583    5.162              -9            -806          0.0000;
   584    5.171              -9            -806          0.0000;
   585    5.180              -9            -806          0.0000;
   586    5.189              -9            -806          0.0000;
   587    5.197              -9            -806          0.0000;
   588    5.206              -9            -806          0.0000;
   589    5.215              -9            -806          0.0000;
   590    5.224              -9            -806          0.0000;
   591    5.233              -9            -806          0.0000;
   592    5.242              -9            -806          0.0000;
   593    5.251              -9            -806          0.0000;
   594    5.259              -9            -806          0.0000;
   595    5.268              -9            -806          0.0000;
   596    5.277              -9            -806          0.0000;
   597    5.286              -9            -806          0.0000;
   598    5.295              -9            -806          0.0000;
   599    5.304              -9            -806          0.0000;
   600    5.313              -9            -806          0.0000;
   601    5.321              -9            -806          0.0000;
   602    5.330              -9            -806          0.0000;
   603    5.339              -9            -806          0.0000;
   604    5.348              -9            -806          0.0000;
   605    5.357              -7            -806          0.0000;
   606    5.366              -6            -806          0.0000;
   607    5.374              -5            -806          0.0000;
   608    5.383              -3            -806          0.0000;
   609    5.392              -1            -806          0.0000;
   610    5.401               2            -806          0.0000;
   611    5.410               4            -806          0.0000;
   612    5.419               6            -806          0.0000;
   613    5.428               7            -806          0.0000;
   614    5.436               7            -806          0.0000;
   615    5.445               7            -806          0.0000;
   616    5.454               7            -806          0.0000;
   617    5.463               7            -806          0.0000;
   618    5.472               7            -806          0.0000;
   619    5.481               7            -806          0.0000;
   620    5.490               6            -806          0.0000;
   621    5.498               5            -806          0.0000;
   622    5.507               5            -806          0.0000;
   623    5.516               5            -806          0.0000;
   624    5.525               5            -806          0.0000;
   625    5.534               4            -806          0.0000;
   626    5.543               4            -806          0.0000;
   627    5.552               3            -806          0.0000;
   628    5.560               3            -806          0.0000;
   629    5.569               3            -806          0.0000;
   630    5.578               2            -806          0.0000;
   631    5.587               1            -806          0.0000;
   632    5.596               1            -806          0.0000;
   633    5.605               1            -806          0.0000;
   634    5.614               1            -806          0.0000;
   635    5.622               1            -806          0.0000;
   636    5.631               1            -806          0.0000;
   637    5.640               1            -806          0.0000;
   638    5.649               1            -806          0.0000;
   639    5.658               1            -806          0.0000;
   640    5.667               1            -806          0.0000;
   641    5.676               1            -806          0.0000;
   642    5.684               1            -806          0.0000;
   643    5.693               1            -806          0.0000;
   644    5.702               1            -806          0.0000;
   645    5.711               1            -806          0.0000;
   646    5.720               0            -806          0.0000;
   647    5.729               0            -806          0.0000;
   648    5.738               0            -806          0.0000;
   649    5.746               0            -806          0.0000;
   650    5.755               0            -806          0.0000;
   651    5.764               0            -806          0.0000;
   652    5.773               0            -806          0.0000;
   653    5.782              -0            -806          0.0000;
   654    5.791              -1            -806          0.0000;
   655    5.799              -1            -806          0.0000;
   656    5.808              -1            -806          0.0000;
   657    5.817              -1            -806          0.0000;
   658    5.826              -1            -806          0.0000;
   659    5.835              -1            -806          0.0000;
   660    5.844              -1            -806          0.0000;
   661    5.853              -2            -806          0.0000;
   662    5.861              -3            -806          0.0000;
   663    5.870              -3            -806          0.0000;
   664    5.879              -4            -806          0.0000;
   665    5.888              -5            -806          0.0000;
   666    5.897              -5            -806          0.0000;
   667    5.906              -5            -806          0.0000;
   668    5.915              -5            -806          0.0000;
   669    5.923              -5            -806          0.0000;
   670    5.932              -5            -806          0.0000;
   671    5.941              -5            -806          0.0000;
   672    5.950              -5            -806          0.0000;
   673    5.959              -5            -806          0.0000;
   674    5.968              -6            -806          0.0000;
   675    5.977              -6            -806          0.0000;
   676    5.985              -6            -806          0.0000]
