 Sample   Time     Encoder 1 Pos   Encoder 2 Pos   Control Effort

[    0    0.000               4              43          0.5000;
     1    0.009              16              43          0.5000;
     2    0.018              49              43          0.5000;
     3    0.027             101              43          0.5000;
     4    0.035             172              43          0.5000;
     5    0.044             258              45          0.5000;
     6    0.053             354              47          0.5000;
     7    0.062             458              50          0.5000;
     8    0.071             564              54          0.5000;
     9    0.080             669              58          0.5000;
    10    0.089             771              63          0.5000;
    11    0.097             862              68          0.5000;
    12    0.106             943              73          0.5000;
    13    0.115            1009              78          0.5000;
    14    0.124            1059              81          0.5000;
    15    0.133            1090              83          0.5000;
    16    0.142            1103              83          0.5000;
    17    0.151            1099              84          0.5000;
    18    0.159            1077              84          0.5000;
    19    0.168            1039              84          0.5000;
    20    0.177             990              84          0.5000;
    21    0.186             929              84          0.5000;
    22    0.195             861              84          0.5000;
    23    0.204             788              82          0.5000;
    24    0.213             713              81          0.5000;
    25    0.221             639              80          0.5000;
    26    0.230             569              78          0.5000;
    27    0.239             505              77          0.5000;
    28    0.248             450              77          0.5000;
    29    0.257             406              76          0.5000;
    30    0.266             374              76          0.5000;
    31    0.274             357              76          0.5000;
    32    0.283             353              76          0.5000;
    33    0.292             363              76          0.5000;
    34    0.301             386              76          0.5000;
    35    0.310             418              76          0.5000;
    36    0.319             458              76          0.5000;
    37    0.328             505              76          0.5000;
    38    0.336             556              76          0.5000;
    39    0.345             609              76          0.5000;
    40    0.354             660              76          0.5000;
    41    0.363             709              77          0.5000;
    42    0.372             753              78          0.5000;
    43    0.381             792              80          0.5000;
    44    0.390             823              82          0.5000;
    45    0.398             844              84          0.5000;
    46    0.407             856              85          0.5000;
    47    0.416             858              85          0.5000;
    48    0.425             851              85          0.5000;
    49    0.434             835              86          0.5000;
    50    0.443             814              86          0.5000;
    51    0.452             789              86          0.5000;
    52    0.460             760              86          0.5000;
    53    0.469             730              86          0.5000;
    54    0.478             700              84          0.5000;
    55    0.487             671              83          0.5000;
    56    0.496             646              83          0.5000;
    57    0.505             623              83          0.5000;
    58    0.514             603              83          0.5000;
    59    0.522             588              83          0.5000;
    60    0.531             578              83          0.5000;
    61    0.540             572              82          0.5000;
    62    0.549             571              81          0.5000;
    63    0.558             575              81          0.5000;
    64    0.567             583              80          0.5000;
    65    0.576             594              80          0.5000;
    66    0.584             605              80          0.5000;
    67    0.593             618              80          0.5000;
    68    0.602             630              80          0.5000;
    69    0.611             641              80          0.5000;
    70    0.620             651              80          0.5000;
    71    0.629             660              81          0.5000;
    72    0.638             668              82          0.5000;
    73    0.646             673              83          0.5000;
    74    0.655             678              83          0.5000;
    75    0.664             681              83          0.5000;
    76    0.673             683              83          0.5000;
    77    0.682             684              83          0.5000;
    78    0.691             684              83          0.5000;
    79    0.699             684              83          0.5000;
    80    0.708             683              83          0.5000;
    81    0.717             683              81          0.5000;
    82    0.726             681              81          0.5000;
    83    0.735             681              80          0.5000;
    84    0.744             681              80          0.5000;
    85    0.753             681              79          0.5000;
    86    0.761             681              79          0.5000;
    87    0.770             681              79          0.5000;
    88    0.779             681              79          0.5000;
    89    0.788             681              79          0.5000;
    90    0.797             681              79          0.5000;
    91    0.806             681              79          0.5000;
    92    0.815             681              79          0.5000;
    93    0.823             681              79          0.5000;
    94    0.832             681              78          0.5000;
    95    0.841             681              78          0.5000;
    96    0.850             681              78          0.5000;
    97    0.859             681              78          0.5000;
    98    0.868             681              78          0.5000;
    99    0.877             681              78          0.5000;
   100    0.885             681              79          0.5000;
   101    0.894             681              79          0.5000;
   102    0.903             681              79          0.5000;
   103    0.912             681              79          0.5000;
   104    0.921             681              79          0.5000;
   105    0.930             681              79          0.5000;
   106    0.939             681              78          0.5000;
   107    0.947             681              78          0.5000;
   108    0.956             681              78          0.5000;
   109    0.965             681              78          0.5000;
   110    0.974             681              78          0.5000;
   111    0.983             681              78          0.5000;
   112    0.992             681              78          0.5000;
   113    1.001             681              78          0.5000;
   114    1.009             681              78          0.5000;
   115    1.018             681              78          0.5000;
   116    1.027             681              78          0.5000;
   117    1.036             681              78          0.5000;
   118    1.045             681              78          0.5000;
   119    1.054             681              78          0.5000;
   120    1.063             681              78          0.5000;
   121    1.071             681              78          0.5000;
   122    1.080             681              78          0.5000;
   123    1.089             681              78          0.5000;
   124    1.098             681              78          0.5000;
   125    1.107             681              78          0.5000;
   126    1.116             681              77          0.5000;
   127    1.124             681              77          0.5000;
   128    1.133             681              77          0.5000;
   129    1.142             681              77          0.5000;
   130    1.151             681              77          0.5000;
   131    1.160             681              77          0.5000;
   132    1.169             681              77          0.5000;
   133    1.178             681              77          0.5000;
   134    1.186             681              77          0.5000;
   135    1.195             681              77          0.5000;
   136    1.204             681              77          0.5000;
   137    1.213             681              76          0.5000;
   138    1.222             681              76          0.5000;
   139    1.231             681              76          0.5000;
   140    1.240             681              76          0.5000;
   141    1.248             681              76          0.5000;
   142    1.257             681              76          0.5000;
   143    1.266             681              77          0.5000;
   144    1.275             681              77          0.5000;
   145    1.284             681              78          0.5000;
   146    1.293             681              78          0.5000;
   147    1.302             681              79          0.5000;
   148    1.310             681              79          0.5000;
   149    1.319             681              79          0.5000;
   150    1.328             681              79          0.5000;
   151    1.337             681              79          0.5000;
   152    1.346             681              79          0.5000;
   153    1.355             681              79          0.5000;
   154    1.364             681              79          0.5000;
   155    1.372             681              79          0.5000;
   156    1.381             681              79          0.5000;
   157    1.390             681              79          0.5000;
   158    1.399             681              79          0.5000;
   159    1.408             681              79          0.5000;
   160    1.417             681              79          0.5000;
   161    1.426             681              79          0.5000;
   162    1.434             681              79          0.5000;
   163    1.443             681              79          0.5000;
   164    1.452             681              79          0.5000;
   165    1.461             681              79          0.5000;
   166    1.470             681              79          0.5000;
   167    1.479             681              79          0.5000;
   168    1.488             681              79          0.5000;
   169    1.496             681              80          0.5000;
   170    1.505             681              80          0.5000;
   171    1.514             681              80          0.5000;
   172    1.523             681              80          0.5000;
   173    1.532             681              80          0.5000;
   174    1.541             681              80          0.5000;
   175    1.549             681              80          0.5000;
   176    1.558             681              80          0.5000;
   177    1.567             681              80          0.5000;
   178    1.576             681              80          0.5000;
   179    1.585             681              80          0.5000;
   180    1.594             681              80          0.5000;
   181    1.603             681              80          0.5000;
   182    1.611             681              80          0.5000;
   183    1.620             681              80          0.5000;
   184    1.629             681              80          0.5000;
   185    1.638             681              80          0.5000;
   186    1.647             681              78          0.5000;
   187    1.656             681              78          0.5000;
   188    1.665             681              77          0.5000;
   189    1.673             681              77          0.5000;
   190    1.682             681              77          0.5000;
   191    1.691             681              76          0.5000;
   192    1.700             681              76          0.5000;
   193    1.709             681              75          0.5000;
   194    1.718             681              75          0.5000;
   195    1.727             681              75          0.5000;
   196    1.735             681              75          0.5000;
   197    1.744             681              75          0.5000;
   198    1.753             681              75          0.5000;
   199    1.762             681              75          0.5000;
   200    1.771             681              75          0.5000;
   201    1.780             681              75          0.5000;
   202    1.789             681              75          0.5000;
   203    1.797             681              75          0.5000;
   204    1.806             681              75          0.5000;
   205    1.815             681              74          0.5000;
   206    1.824             681              74          0.5000;
   207    1.833             681              74          0.5000;
   208    1.842             681              74          0.5000;
   209    1.851             681              74          0.5000;
   210    1.859             681              74          0.5000;
   211    1.868             681              74          0.5000;
   212    1.877             681              74          0.5000;
   213    1.886             681              74          0.5000;
   214    1.895             681              74          0.5000;
   215    1.904             681              74          0.5000;
   216    1.913             681              74          0.5000;
   217    1.921             681              74          0.5000;
   218    1.930             681              74          0.5000;
   219    1.939             681              74          0.5000;
   220    1.948             681              74          0.5000;
   221    1.957             681              74          0.5000;
   222    1.966             681              74          0.5000;
   223    1.974             681              74          0.5000;
   224    1.983             681              74          0.5000;
   225    1.992             681              75          0.5000;
   226    2.001             681              75          0.5000;
   227    2.010             681              75          0.5000;
   228    2.019             681              75          0.5000;
   229    2.028             681              75          0.5000;
   230    2.036             681              75          0.5000;
   231    2.045             681              75          0.5000;
   232    2.054             681              75          0.5000;
   233    2.063             681              75          0.5000;
   234    2.072             681              75          0.5000;
   235    2.081             681              75          0.5000;
   236    2.090             681              75          0.5000;
   237    2.098             681              75          0.5000;
   238    2.107             681              75          0.5000;
   239    2.116             681              75          0.5000;
   240    2.125             681              75          0.5000;
   241    2.134             681              75          0.5000;
   242    2.143             681              75          0.5000;
   243    2.152             681              75          0.5000;
   244    2.160             681              75          0.5000;
   245    2.169             681              75          0.5000;
   246    2.178             681              75          0.5000;
   247    2.187             681              76          0.5000;
   248    2.196             681              77          0.5000;
   249    2.205             681              78          0.5000;
   250    2.214             681              78          0.5000;
   251    2.222             681              78          0.5000;
   252    2.231             681              78          0.5000;
   253    2.240             681              78          0.5000;
   254    2.249             681              78          0.5000;
   255    2.258             681              78          0.5000;
   256    2.267             681              78          0.5000;
   257    2.276             681              78          0.5000;
   258    2.284             681              78          0.5000;
   259    2.293             681              78          0.5000;
   260    2.302             681              78          0.5000;
   261    2.311             681              78          0.5000;
   262    2.320             681              78          0.5000;
   263    2.329             681              78          0.5000;
   264    2.338             681              78          0.5000;
   265    2.346             681              78          0.5000;
   266    2.355             681              78          0.5000;
   267    2.364             681              78          0.5000;
   268    2.373             681              78          0.5000;
   269    2.382             681              78          0.5000;
   270    2.391             681              78          0.5000;
   271    2.399             681              78          0.5000;
   272    2.408             681              78          0.5000;
   273    2.417             681              78          0.5000;
   274    2.426             681              78          0.5000;
   275    2.435             681              78          0.5000;
   276    2.444             681              78          0.5000;
   277    2.453             681              78          0.5000;
   278    2.461             681              78          0.5000;
   279    2.470             681              78          0.5000;
   280    2.479             681              78          0.5000;
   281    2.488             681              78          0.5000;
   282    2.497             681              78          0.5000;
   283    2.506             681              79          0.5000;
   284    2.515             681              79          0.5000;
   285    2.523             681              79          0.5000;
   286    2.532             681              79          0.5000;
   287    2.541             681              79          0.5000;
   288    2.550             681              80          0.5000;
   289    2.559             681              80          0.5000;
   290    2.568             681              81          0.5000;
   291    2.577             681              81          0.5000;
   292    2.585             681              81          0.5000;
   293    2.594             681              81          0.5000;
   294    2.603             681              81          0.5000;
   295    2.612             681              81          0.5000;
   296    2.621             681              81          0.5000;
   297    2.630             681              81          0.5000;
   298    2.639             681              81          0.5000;
   299    2.647             681              81          0.5000;
   300    2.656             681              81          0.5000;
   301    2.665             681              81          0.5000;
   302    2.674             681              81          0.5000;
   303    2.683             681              81          0.5000;
   304    2.692             681              81          0.5000;
   305    2.701             681              81          0.5000;
   306    2.709             681              81          0.5000;
   307    2.718             681              79          0.5000;
   308    2.727             681              78          0.5000;
   309    2.736             681              78          0.5000;
   310    2.745             681              78          0.5000;
   311    2.754             681              78          0.5000;
   312    2.763             681              78          0.5000;
   313    2.771             681              78          0.5000;
   314    2.780             681              79          0.5000;
   315    2.789             681              79          0.5000;
   316    2.798             681              79          0.5000;
   317    2.807             681              79          0.5000;
   318    2.816             681              79          0.5000;
   319    2.824             681              78          0.5000;
   320    2.833             681              78          0.5000;
   321    2.842             681              77          0.5000;
   322    2.851             681              77          0.5000;
   323    2.860             681              77          0.5000;
   324    2.869             681              77          0.5000;
   325    2.878             681              78          0.5000;
   326    2.886             681              78          0.5000;
   327    2.895             681              78          0.5000;
   328    2.904             681              79          0.5000;
   329    2.913             681              79          0.5000;
   330    2.922             681              79          0.5000;
   331    2.931             681              80          0.5000;
   332    2.940             681              80          0.5000;
   333    2.948             681              80          0.5000;
   334    2.957             681              80          0.5000;
   335    2.966             681              80          0.5000;
   336    2.975             681              80          0.5000;
   337    2.984             681              80          0.5000;
   338    2.993             681              80          0.5000;
   339    3.002             681              80          0.0000;
   340    3.010             670              80          0.0000;
   341    3.019             637              80          0.0000;
   342    3.028             583              80          0.0000;
   343    3.037             510              80          0.0000;
   344    3.046             422              78          0.0000;
   345    3.055             323              77          0.0000;
   346    3.064             216              74          0.0000;
   347    3.072             106              72          0.0000;
   348    3.081              -5              70          0.0000;
   349    3.090            -109              67          0.0000;
   350    3.099            -206              64          0.0000;
   351    3.108            -290              62          0.0000;
   352    3.117            -360              60          0.0000;
   353    3.126            -413              57          0.0000;
   354    3.134            -447              55          0.0000;
   355    3.143            -462              54          0.0000;
   356    3.152            -459              53          0.0000;
   357    3.161            -438              53          0.0000;
   358    3.170            -400              53          0.0000;
   359    3.179            -349              53          0.0000;
   360    3.188            -286              53          0.0000;
   361    3.196            -215              54          0.0000;
   362    3.205            -138              56          0.0000;
   363    3.214             -58              58          0.0000;
   364    3.223              24              61          0.0000;
   365    3.232             101              62          0.0000;
   366    3.241             172              64          0.0000;
   367    3.249             233              67          0.0000;
   368    3.258             284              68          0.0000;
   369    3.267             321              69          0.0000;
   370    3.276             345              69          0.0000;
   371    3.285             353              69          0.0000;
   372    3.294             347              69          0.0000;
   373    3.303             327              69          0.0000;
   374    3.311             296              69          0.0000;
   375    3.320             256              69          0.0000;
   376    3.329             207              69          0.0000;
   377    3.338             154              67          0.0000;
   378    3.347              98              65          0.0000;
   379    3.356              39              64          0.0000;
   380    3.365             -18              62          0.0000;
   381    3.373             -70              61          0.0000;
   382    3.382            -115              60          0.0000;
   383    3.391            -154              59          0.0000;
   384    3.400            -182              59          0.0000;
   385    3.409            -202              58          0.0000;
   386    3.418            -210              58          0.0000;
   387    3.427            -211              58          0.0000;
   388    3.435            -199              58          0.0000;
   389    3.444            -181              58          0.0000;
   390    3.453            -156              58          0.0000;
   391    3.462            -127              58          0.0000;
   392    3.471             -94              58          0.0000;
   393    3.480             -57              58          0.0000;
   394    3.489             -19              58          0.0000;
   395    3.497              19              58          0.0000;
   396    3.506              54              59          0.0000;
   397    3.515              84              59          0.0000;
   398    3.524             109              61          0.0000;
   399    3.533             127              61          0.0000;
   400    3.542             138              61          0.0000;
   401    3.551             143              61          0.0000;
   402    3.559             143              61          0.0000;
   403    3.568             135              62          0.0000;
   404    3.577             123              63          0.0000;
   405    3.586             108              63          0.0000;
   406    3.595              90              63          0.0000;
   407    3.604              70              63          0.0000;
   408    3.613              47              63          0.0000;
   409    3.621              24              63          0.0000;
   410    3.630               2              61          0.0000;
   411    3.639             -17              60          0.0000;
   412    3.648             -33              60          0.0000;
   413    3.657             -43              59          0.0000;
   414    3.666             -49              59          0.0000;
   415    3.674             -50              59          0.0000;
   416    3.683             -47              59          0.0000;
   417    3.692             -39              59          0.0000;
   418    3.701             -30              59          0.0000;
   419    3.710             -19              59          0.0000;
   420    3.719              -6              59          0.0000;
   421    3.728               5              60          0.0000;
   422    3.736              17              60          0.0000;
   423    3.745              26              60          0.0000;
   424    3.754              33              60          0.0000;
   425    3.763              36              60          0.0000;
   426    3.772              37              60          0.0000;
   427    3.781              36              60          0.0000;
   428    3.790              31              60          0.0000;
   429    3.798              26              60          0.0000;
   430    3.807              21              60          0.0000;
   431    3.816              15              60          0.0000;
   432    3.825              11              61          0.0000;
   433    3.834               9              61          0.0000;
   434    3.843               8              61          0.0000;
   435    3.852               8              61          0.0000;
   436    3.860              10              61          0.0000;
   437    3.869              12              61          0.0000;
   438    3.878              13              60          0.0000;
   439    3.887              15              60          0.0000;
   440    3.896              17              60          0.0000;
   441    3.905              17              60          0.0000;
   442    3.914              17              60          0.0000;
   443    3.922              17              60          0.0000;
   444    3.931              17              60          0.0000;
   445    3.940              17              60          0.0000;
   446    3.949              17              60          0.0000;
   447    3.958              17              60          0.0000;
   448    3.967              17              60          0.0000;
   449    3.976              17              60          0.0000;
   450    3.984              17              58          0.0000;
   451    3.993              17              58          0.0000;
   452    4.002              17              58          0.0000;
   453    4.011              17              58          0.0000;
   454    4.020              17              58          0.0000;
   455    4.029              17              58          0.0000;
   456    4.038              17              59          0.0000;
   457    4.046              17              59          0.0000;
   458    4.055              17              59          0.0000;
   459    4.064              17              59          0.0000;
   460    4.073              17              59          0.0000;
   461    4.082              17              59          0.0000;
   462    4.091              17              58          0.0000;
   463    4.099              17              57          0.0000;
   464    4.108              17              57          0.0000;
   465    4.117              17              57          0.0000;
   466    4.126              17              57          0.0000;
   467    4.135              17              57          0.0000;
   468    4.144              17              57          0.0000;
   469    4.153              17              57          0.0000;
   470    4.161              17              57          0.0000;
   471    4.170              17              57          0.0000;
   472    4.179              17              57          0.0000;
   473    4.188              17              57          0.0000;
   474    4.197              17              57          0.0000;
   475    4.206              17              57          0.0000;
   476    4.215              17              57          0.0000;
   477    4.223              17              57          0.0000;
   478    4.232              17              57          0.0000;
   479    4.241              17              57          0.0000;
   480    4.250              17              57          0.0000;
   481    4.259              17              57          0.0000;
   482    4.268              17              57          0.0000;
   483    4.277              17              56          0.0000;
   484    4.285              17              56          0.0000;
   485    4.294              17              56          0.0000;
   486    4.303              17              56          0.0000;
   487    4.312              17              56          0.0000;
   488    4.321              17              56          0.0000;
   489    4.330              17              56          0.0000;
   490    4.339              17              56          0.0000;
   491    4.347              17              56          0.0000;
   492    4.356              17              56          0.0000;
   493    4.365              17              56          0.0000;
   494    4.374              17              56          0.0000;
   495    4.383              17              56          0.0000;
   496    4.392              17              56          0.0000;
   497    4.401              17              56          0.0000;
   498    4.409              17              56          0.0000;
   499    4.418              17              56          0.0000;
   500    4.427              17              56          0.0000;
   501    4.436              17              56          0.0000;
   502    4.445              17              56          0.0000;
   503    4.454              17              56          0.0000;
   504    4.463              17              56          0.0000;
   505    4.471              17              56          0.0000;
   506    4.480              17              56          0.0000;
   507    4.489              17              55          0.0000;
   508    4.498              17              54          0.0000;
   509    4.507              17              53          0.0000;
   510    4.516              17              53          0.0000;
   511    4.524              17              53          0.0000;
   512    4.533              17              53          0.0000;
   513    4.542              17              53          0.0000;
   514    4.551              17              53          0.0000;
   515    4.560              17              53          0.0000;
   516    4.569              17              53          0.0000;
   517    4.578              17              53          0.0000;
   518    4.586              17              53          0.0000;
   519    4.595              17              53          0.0000;
   520    4.604              17              53          0.0000;
   521    4.613              17              53          0.0000;
   522    4.622              17              53          0.0000;
   523    4.631              17              53          0.0000;
   524    4.640              17              53          0.0000;
   525    4.648              17              53          0.0000;
   526    4.657              17              53          0.0000;
   527    4.666              17              53          0.0000;
   528    4.675              17              53          0.0000;
   529    4.684              17              53          0.0000;
   530    4.693              17              53          0.0000;
   531    4.702              17              53          0.0000;
   532    4.710              17              53          0.0000;
   533    4.719              17              53          0.0000;
   534    4.728              17              53          0.0000;
   535    4.737              17              53          0.0000;
   536    4.746              17              53          0.0000;
   537    4.755              17              53          0.0000;
   538    4.764              17              53          0.0000;
   539    4.772              17              53          0.0000;
   540    4.781              17              53          0.0000;
   541    4.790              17              53          0.0000;
   542    4.799              17              53          0.0000;
   543    4.808              17              53          0.0000;
   544    4.817              17              53          0.0000;
   545    4.826              17              53          0.0000;
   546    4.834              17              53          0.0000;
   547    4.843              17              53          0.0000;
   548    4.852              17              53          0.0000;
   549    4.861              17              53          0.0000;
   550    4.870              17              53          0.0000;
   551    4.879              17              52          0.0000;
   552    4.888              17              51          0.0000;
   553    4.896              17              51          0.0000;
   554    4.905              17              51          0.0000;
   555    4.914              17              51          0.0000;
   556    4.923              17              51          0.0000;
   557    4.932              17              51          0.0000;
   558    4.941              17              51          0.0000;
   559    4.949              17              51          0.0000;
   560    4.958              17              51          0.0000;
   561    4.967              17              51          0.0000;
   562    4.976              17              51          0.0000;
   563    4.985              17              49          0.0000;
   564    4.994              17              48          0.0000;
   565    5.003              17              47          0.0000;
   566    5.011              17              46          0.0000;
   567    5.020              17              46          0.0000;
   568    5.029              17              46          0.0000;
   569    5.038              17              46          0.0000;
   570    5.047              17              46          0.0000;
   571    5.056              17              46          0.0000;
   572    5.065              17              46          0.0000;
   573    5.073              17              46          0.0000;
   574    5.082              17              46          0.0000;
   575    5.091              17              46          0.0000;
   576    5.100              17              46          0.0000;
   577    5.109              17              46          0.0000;
   578    5.118              17              46          0.0000;
   579    5.127              17              45          0.0000;
   580    5.135              17              45          0.0000;
   581    5.144              17              45          0.0000;
   582    5.153              17              45          0.0000;
   583    5.162              17              45          0.0000;
   584    5.171              17              45          0.0000;
   585    5.180              17              45          0.0000;
   586    5.189              17              45          0.0000;
   587    5.197              17              45          0.0000;
   588    5.206              17              45          0.0000;
   589    5.215              17              45          0.0000;
   590    5.224              17              46          0.0000;
   591    5.233              17              46          0.0000;
   592    5.242              17              47          0.0000;
   593    5.251              17              48          0.0000;
   594    5.259              17              48          0.0000;
   595    5.268              17              48          0.0000;
   596    5.277              17              46          0.0000;
   597    5.286              17              46          0.0000;
   598    5.295              17              46          0.0000;
   599    5.304              17              46          0.0000;
   600    5.313              17              46          0.0000;
   601    5.321              17              46          0.0000;
   602    5.330              17              46          0.0000;
   603    5.339              17              46          0.0000;
   604    5.348              17              46          0.0000;
   605    5.357              17              46          0.0000;
   606    5.366              17              46          0.0000;
   607    5.374              17              46          0.0000;
   608    5.383              17              46          0.0000;
   609    5.392              17              46          0.0000;
   610    5.401              17              46          0.0000;
   611    5.410              17              46          0.0000;
   612    5.419              17              46          0.0000;
   613    5.428              17              46          0.0000;
   614    5.436              17              47          0.0000;
   615    5.445              17              47          0.0000;
   616    5.454              17              47          0.0000;
   617    5.463              17              47          0.0000;
   618    5.472              17              47          0.0000;
   619    5.481              17              47          0.0000;
   620    5.490              17              47          0.0000;
   621    5.498              17              47          0.0000;
   622    5.507              17              47          0.0000;
   623    5.516              17              47          0.0000;
   624    5.525              17              47          0.0000;
   625    5.534              17              47          0.0000;
   626    5.543              17              47          0.0000;
   627    5.552              17              47          0.0000;
   628    5.560              17              47          0.0000;
   629    5.569              17              47          0.0000;
   630    5.578              17              47          0.0000;
   631    5.587              17              47          0.0000;
   632    5.596              17              47          0.0000;
   633    5.605              17              47          0.0000;
   634    5.614              17              47          0.0000;
   635    5.622              17              47          0.0000;
   636    5.631              17              47          0.0000;
   637    5.640              17              47          0.0000;
   638    5.649              17              47          0.0000;
   639    5.658              17              47          0.0000;
   640    5.667              17              47          0.0000;
   641    5.676              17              47          0.0000;
   642    5.684              17              47          0.0000;
   643    5.693              17              47          0.0000;
   644    5.702              17              47          0.0000;
   645    5.711              17              47          0.0000;
   646    5.720              17              47          0.0000;
   647    5.729              17              47          0.0000;
   648    5.738              17              46          0.0000;
   649    5.746              17              46          0.0000;
   650    5.755              17              46          0.0000;
   651    5.764              17              46          0.0000;
   652    5.773              17              46          0.0000;
   653    5.782              17              46          0.0000;
   654    5.791              17              46          0.0000;
   655    5.799              17              44          0.0000;
   656    5.808              17              44          0.0000;
   657    5.817              17              44          0.0000;
   658    5.826              17              44          0.0000;
   659    5.835              17              44          0.0000;
   660    5.844              17              44          0.0000;
   661    5.853              17              44          0.0000;
   662    5.861              17              44          0.0000;
   663    5.870              17              44          0.0000;
   664    5.879              17              44          0.0000;
   665    5.888              17              43          0.0000;
   666    5.897              17              42          0.0000;
   667    5.906              17              42          0.0000;
   668    5.915              17              42          0.0000;
   669    5.923              17              41          0.0000;
   670    5.932              17              41          0.0000;
   671    5.941              17              41          0.0000;
   672    5.950              17              40          0.0000;
   673    5.959              17              40          0.0000;
   674    5.968              17              40          0.0000;
   675    5.977              17              40          0.0000;
   676    5.985              17              40          0.0000]
