SUBSET_ID,COORDINATE_X,COORDINATE_Y,DISPLACEMENT_X,DISPLACEMENT_Y,SIGMA,GAMMA,BETA,STATUS_FLAG,UNCERTAINTY,VSG_STRAIN_XX,VSG_STRAIN_YY,VSG_STRAIN_XY
0,9.0000E+01,3.1050E+03,7.4417E-01,5.7294E-01,4.0608E-03,2.1976E-02,0.0000E+00,4.0000E+00,5.3476E-03,-3.2680E-02,-5.6457E-02,-5.8975E-03
1,9.0000E+01,3.1200E+03,7.3447E-01,-9.4503E-01,3.8336E-03,2.5312E-02,0.0000E+00,4.0000E+00,5.8100E-03,-3.0253E-02,-3.5648E-02,1.2108E-03
2,1.0500E+02,3.1350E+03,4.8355E-01,-8.3350E-01,3.8095E-03,3.6909E-02,0.0000E+00,4.0000E+00,5.2880E-03,-1.8971E-02,-2.2892E-02,1.4201E-02
3,1.0500E+02,3.1200E+03,2.1531E-01,-4.5684E-01,3.7655E-03,1.6883E-02,0.0000E+00,4.0000E+00,5.6619E-03,-2.1251E-02,-3.3767E-02,7.5905E-03
4,1.0500E+02,3.1050E+03,2.6465E-01,-2.3034E-01,3.6981E-03,1.1340E-02,0.0000E+00,4.0000E+00,5.3434E-03,-2.0616E-02,-4.9949E-02,5.8739E-03
5,1.2000E+02,3.0600E+03,5.2805E-01,-2.7518E-01,4.5667E-03,7.2440E-02,0.0000E+00,4.0000E+00,6.8560E-03,0.0000E+00,0.0000E+00,0.0000E+00
6,1.2000E+02,3.0750E+03,5.3113E-01,-2.7548E-01,5.0736E-03,5.0951E-02,0.0000E+00,4.0000E+00,7.8685E-03,0.0000E+00,0.0000E+00,0.0000E+00
7,1.2000E+02,3.1200E+03,1.9101E-01,-1.6288E-01,4.9901E-03,5.3395E-02,0.0000E+00,4.0000E+00,7.3738E-03,-6.1529E-04,-1.8220E-02,6.1445E-03
8,1.2000E+02,3.1350E+03,1.1018E-01,-5.3148E-01,5.3059E-03,2.7618E-02,0.0000E+00,4.0000E+00,6.9961E-03,-3.7491E-04,-2.1276E-02,5.8131E-03
9,1.3500E+02,3.1200E+03,3.8611E-01,-2.3775E-01,4.7135E-03,3.7128E-02,0.0000E+00,4.0000E+00,6.9137E-03,1.3104E-02,-2.4257E-02,-5.1634E-03
10,3.9000E+02,1.9050E+03,8.1791E+00,-5.1046E+01,3.5635E-03,1.4036E-02,0.0000E+00,4.0000E+00,5.0085E-03,9.5561E-03,5.5356E-02,-1.5101E-03
11,3.9000E+02,1.9200E+03,8.0051E+00,-5.0238E+01,3.6920E-03,7.9807E-03,0.0000E+00,4.0000E+00,4.8793E-03,-2.3969E-02,4.7390E-02,-7.0095E-03
12,3.9000E+02,1.9350E+03,8.1429E+00,-4.9512E+01,4.5928E-03,1.7196E-02,0.0000E+00,4.0000E+00,5.2333E-03,-2.8803E-02,3.8630E-02,-1.5721E-02
13,4.0500E+02,2.0400E+03,7.0286E+00,-4.5182E+01,4.5811E-03,9.0512E-03,0.0000E+00,4.0000E+00,8.9873E-03,0.0000E+00,0.0000E+00,0.0000E+00
14,4.0500E+02,2.0250E+03,7.1176E+00,-4.6345E+01,4.1511E-03,1.3185E-02,0.0000E+00,4.0000E+00,6.7179E-03,0.0000E+00,0.0000E+00,0.0000E+00
15,4.0500E+02,1.9350E+03,7.1237E+00,-4.9716E+01,5.2793E-03,1.5178E-02,0.0000E+00,4.0000E+00,6.0816E-03,-1.4875E-02,3.7918E-02,-1.4467E-02
16,4.0500E+02,1.9200E+03,8.1473E+00,-5.0115E+01,4.0088E-03,7.3288E-03,0.0000E+00,4.0000E+00,5.2649E-03,-1.4875E-02,4.7390E-02,-9.4801E-03
17,4.2000E+02,1.4850E+03,8.7911E+00,-6.9086E+01,4.8413E-03,1.4769E-02,0.0000E+00,4.0000E+00,8.2048E-03,0.0000E+00,0.0000E+00,0.0000E+00
18,4.2000E+02,1.9350E+03,7.5094E+00,-4.9738E+01,3.5634E-03,1.8887E-02,0.0000E+00,4.0000E+00,4.7072E-03,2.6046E-02,2.9246E-02,-3.5729E-02
19,4.5000E+02,1.9650E+03,6.8370E+00,-4.8562E+01,3.5276E-03,1.4137E-02,0.0000E+00,4.0000E+00,5.2854E-03,0.0000E+00,0.0000E+00,0.0000E+00
20,4.9500E+02,1.6050E+03,7.3268E+00,-6.3229E+01,3.8504E-03,2.9418E-02,0.0000E+00,4.0000E+00,5.4442E-03,0.0000E+00,0.0000E+00,0.0000E+00
21,5.1000E+02,1.7550E+03,6.7720E+00,-5.6536E+01,4.4119E-03,1.5977E-02,0.0000E+00,4.0000E+00,5.6222E-03,0.0000E+00,0.0000E+00,0.0000E+00
22,5.1000E+02,1.8000E+03,6.6007E+00,-5.4255E+01,3.9142E-03,2.1271E-02,0.0000E+00,4.0000E+00,5.7107E-03,0.0000E+00,0.0000E+00,0.0000E+00
23,5.1000E+02,1.9800E+03,6.1821E+00,-4.7517E+01,3.4369E-03,2.6762E-02,0.0000E+00,4.0000E+00,4.6925E-03,0.0000E+00,0.0000E+00,0.0000E+00
24,5.2500E+02,2.0550E+03,3.9573E+00,-4.2235E+01,4.1908E-03,2.4234E-02,0.0000E+00,4.0000E+00,5.5762E-03,0.0000E+00,0.0000E+00,0.0000E+00
25,5.2500E+02,1.8000E+03,6.3086E+00,-5.4218E+01,3.6615E-03,1.3332E-02,0.0000E+00,4.0000E+00,5.2160E-03,-1.9283E-02,5.8701E-02,-1.1272E-02
26,5.4000E+02,1.8150E+03,5.6318E+00,-5.3330E+01,3.7453E-03,1.9366E-02,0.0000E+00,4.0000E+00,6.0611E-03,-5.5850E-02,4.3989E-02,1.4368E-02
27,5.4000E+02,1.8300E+03,5.8197E+00,-5.2685E+01,3.7854E-03,1.1388E-02,0.0000E+00,4.0000E+00,5.9549E-03,0.0000E+00,0.0000E+00,0.0000E+00
28,5.4000E+02,1.8450E+03,5.8695E+00,-5.2405E+01,3.4818E-03,2.2009E-02,0.0000E+00,4.0000E+00,4.9247E-03,0.0000E+00,0.0000E+00,0.0000E+00
29,5.4000E+02,1.8900E+03,5.8831E+00,-4.9896E+01,2.9455E-03,2.3535E-02,0.0000E+00,4.0000E+00,4.0120E-03,0.0000E+00,0.0000E+00,0.0000E+00
30,5.4000E+02,2.0550E+03,3.8838E+00,-4.2138E+01,3.7647E-03,2.0382E-02,0.0000E+00,4.0000E+00,5.1051E-03,0.0000E+00,0.0000E+00,0.0000E+00
31,5.5500E+02,2.0100E+03,4.1093E+00,-4.4348E+01,5.3217E-03,2.5847E-02,0.0000E+00,4.0000E+00,6.8903E-03,0.0000E+00,0.0000E+00,0.0000E+00
32,5.7000E+02,1.8000E+03,5.3097E+00,-5.4102E+01,4.2598E-03,2.3358E-02,0.0000E+00,4.0000E+00,6.3021E-03,0.0000E+00,0.0000E+00,0.0000E+00
33,5.7000E+02,1.9050E+03,4.9497E+00,-4.9405E+01,4.0280E-03,2.0966E-02,0.0000E+00,4.0000E+00,6.3885E-03,0.0000E+00,0.0000E+00,0.0000E+00
34,5.7000E+02,2.0100E+03,3.9650E+00,-4.4241E+01,4.2505E-03,2.8346E-02,0.0000E+00,4.0000E+00,5.8832E-03,0.0000E+00,0.0000E+00,0.0000E+00
35,5.8500E+02,2.0100E+03,3.8035E+00,-4.3794E+01,4.7454E-03,1.5543E-02,0.0000E+00,4.0000E+00,7.9895E-03,0.0000E+00,0.0000E+00,0.0000E+00
36,6.0000E+02,2.0850E+03,1.9593E+00,-3.9712E+01,3.4778E-03,2.1104E-02,0.0000E+00,4.0000E+00,4.8232E-03,0.0000E+00,0.0000E+00,0.0000E+00
37,6.1500E+02,1.5900E+03,5.3684E+00,-6.3614E+01,4.2409E-03,2.3160E-02,0.0000E+00,4.0000E+00,5.8458E-03,0.0000E+00,0.0000E+00,0.0000E+00
38,6.3000E+02,1.8450E+03,4.1052E+00,-5.1367E+01,3.3236E-03,2.3491E-02,0.0000E+00,4.0000E+00,4.8207E-03,0.0000E+00,0.0000E+00,0.0000E+00
39,7.2000E+02,1.7700E+03,2.6576E+00,-5.4416E+01,3.7655E-03,1.5030E-02,0.0000E+00,4.0000E+00,5.2064E-03,0.0000E+00,0.0000E+00,0.0000E+00
40,7.2000E+02,2.0700E+03,-7.3930E-01,-3.8606E+01,3.4355E-03,1.9556E-02,0.0000E+00,4.0000E+00,5.0300E-03,0.0000E+00,0.0000E+00,0.0000E+00
41,7.3500E+02,1.8900E+03,1.3684E+00,-4.8272E+01,3.1908E-03,1.5948E-02,0.0000E+00,4.0000E+00,4.7521E-03,0.0000E+00,0.0000E+00,0.0000E+00
42,7.5000E+02,1.9800E+03,4.3599E-01,-4.3833E+01,4.1699E-03,1.3855E-02,0.0000E+00,4.0000E+00,6.4481E-03,0.0000E+00,0.0000E+00,0.0000E+00
43,1.0650E+03,3.0450E+03,5.2395E-01,-2.1035E-01,7.0133E-03,5.0324E-02,0.0000E+00,4.0000E+00,9.6532E-03,0.0000E+00,0.0000E+00,0.0000E+00
44,1.0650E+03,3.0300E+03,4.9261E-01,-1.9295E-01,6.3892E-03,6.3060E-02,0.0000E+00,4.0000E+00,8.5631E-03,0.0000E+00,0.0000E+00,0.0000E+00
